279.74	-0.00880511
281.884	0.0238107
284.026	0.0113962
286.169	0.0183539
288.31	0.039838
290.451	0.0516365
292.591	0.0150058
294.73	-0.00709723
296.869	0.0337564
299.007	-0.0513046
301.145	0.00407638
303.281	-0.0180297
305.417	0.00344975
307.553	-0.0186566
309.688	-0.0020209
311.822	-0.0192865
313.955	0.0167184
316.088	0.00429511
318.22	-0.00328658
320.352	-0.0350824
322.483	-0.013608
324.613	-0.0211915
326.742	-0.0287762
328.871	0.0459672
330.999	-0.0100466
333.127	-0.00310362
335.254	-0.00584722
337.38	0.00593648
339.506	0.0274058
341.631	-0.00923962
343.755	-0.0362003
345.879	-0.0098899
348.001	0.021261
350.124	0.0233563
352.246	0.0302934
354.367	-0.00635621
356.487	0.0151072
358.607	-0.0118573
360.726	-0.048509
362.844	-0.0367329
364.962	-0.0346426
367.079	0.0304033
369.195	-0.0159366
371.311	-0.0477481
373.426	0.065724
375.541	0.0378201
377.655	-0.0131449
379.768	-0.0329773
381.881	0.0354333
383.993	-0.00269837
386.104	0.0124405
388.215	0.0421078
390.325	0.00881841
392.434	-0.0244716
394.543	-0.0722901
396.651	0.0348619
398.758	-0.0274856
400.865	0.0506091
402.971	0.0318467
405.077	0.0276127
407.182	-0.0202066
409.286	-0.0389696
411.389	0.010067
413.492	0.0155178
415.595	0.0887685
417.696	0.0167335
419.797	0.0124984
421.898	-0.0159508
423.997	0.0427699
426.097	0.0143204
428.195	-0.0238157
430.293	0.0397479
432.39	-0.0177595
434.487	-0.0123104
436.583	-0.016547
438.678	0.0421725
440.773	-0.0104926
442.867	-0.0147298
444.96	0.00524689
447.053	-0.0328907
449.145	0.035514
451.236	0.0114154
453.327	0.0599589
455.418	-0.0127807
457.507	0.00165083
459.596	0.00155358
461.684	0.00629946
463.772	-0.0422258
465.859	0.0351622
467.946	-0.013363
470.031	-0.0764164
472.117	0.0300288
474.201	-0.00881073
476.285	0.0298349
478.368	0.00552414
480.451	-0.00425846
482.533	0.0247018
484.615	0.0149192
486.695	0.0487224
488.776	-0.0191739
490.855	-0.00474203
492.934	-0.0338956
495.012	0.0434932
497.09	-0.0050317
499.167	-0.014814
501.244	-0.0149104
503.319	-0.0489068
505.395	-0.00541773
507.469	0.0235429
509.543	0.0331322
511.616	0.0136645
513.689	-0.0154888
515.761	-0.020428
517.833	0.0424324
519.903	-0.0109348
521.974	0.0519256
524.043	0.0324582
526.112	0.0129906
528.181	-0.0452194
530.248	0.0660695
532.316	0.0127024
534.382	0.0319776
536.448	0.0367244
538.513	0.0172573
540.578	-0.0070529
542.642	0.0170652
544.705	-0.0120876
546.768	0.0168736
548.83	0.00709191
550.892	0.0215246
552.953	0.00690038
555.013	0.0164903
557.073	0.0260801
559.132	-0.00307258
561.191	-0.0225394
563.249	0.00642183
565.306	0.0256977
567.363	0.00138776
569.419	-0.0229218
571.474	0.0254109
573.529	0.00110134
575.583	0.00100587
577.637	-0.00877526
579.69	0.0637717
581.742	0.000719448
583.794	-0.0332755
585.845	0.0247429
587.896	-0.00925203
589.946	-0.0287188
591.995	-0.028814
594.044	-0.00953786
596.092	0.0339524
598.14	-0.0484708
600.187	0.0192336
602.233	-0.0389755
604.279	-0.0293848
606.324	0.0189483
608.369	-0.0102035
610.413	-0.0490413
612.456	0.0622488
614.499	-0.000802802
616.541	-0.0251118
618.583	-0.0494208
620.623	-0.00108745
622.664	0.0278746
624.704	0.00356561
626.743	-0.0498004
628.781	0.00337614
630.819	-0.0112469
632.857	-0.0307131
634.893	-0.0453362
636.929	0.00784033
638.965	-0.0213112
641	0.012494
643.034	0.0123994
645.068	0.0510474
647.101	0.017053
649.134	-0.0120982
651.166	0.021707
653.197	-0.0171299
655.228	-0.0317527
657.258	-0.0027903
659.288	0.0261724
661.317	-0.0175074
663.345	0.0308266
665.373	0.0162038
667.4	0.0161098
669.427	0.0402297
671.453	0.0256069
673.478	-0.0132297
675.503	0.00120479
677.527	0.0350103
679.551	-0.00866914
681.574	-0.0184488
683.597	-0.00772535
685.619	-0.030902
687.64	-0.014759
689.661	0.037359
691.681	0.00230614
693.7	-0.0178227
695.719	-0.0379516
697.738	-0.043552
699.755	0.00896206
701.773	-0.0305375
703.789	-0.00708009
705.805	-0.0417363
707.821	0.0737352
709.836	0.0293936
711.85	0.0528519
713.864	0.0424108
715.877	0.00291267
717.889	0.0602717
719.901	0.122473
721.913	0.0684475
723.923	0.0483219
725.934	0.0233531
727.943	0.0564991
729.952	0.0557454
731.961	0.0307772
733.969	0.112352
735.976	0.00989965
737.983	0.0285178
739.989	0.0665076
741.994	0.0221699
743.999	0.103746
746.004	0.0400364
748.007	0.131299
750.011	0.140232
752.013	0.0910528
754.015	0.109673
756.017	0.0604934
758.018	0.0936424
760.018	0.0202495
762.018	0.0291846
764.017	0.0332776
766.016	0.0373702
768.014	0.0317778
770.011	0.0649283
772.008	0.0496505
774.005	0.0682722
776	0.0142527
777.996	-0.0107104
779.99	0.0660267
781.984	0.0652785
783.978	0.0645301
785.971	0.044411
787.963	0.0436635
789.955	0.0283878
791.946	0.042169
793.936	0.00267975
795.926	0.0116188
797.916	-0.013342
799.905	0.0246543
801.893	0.0529652
803.881	0.028005
805.868	0.0175739
807.855	0.0216709
809.841	0.0306114
811.826	-0.00887605
813.811	0.0339648
815.796	0.0574341
817.78	-0.00142441
819.763	0.041417
821.745	0.00677357
823.728	0.0108721
825.709	-0.0237708
827.69	0.149828
829.67	0.0812849
831.65	0.0756993
833.63	-0.0170575
835.608	0.0354714
837.586	0.107372
839.564	0.0485155
841.541	0.0380882
843.518	0.0954602
845.494	0.0898757
847.469	0.0455493
849.444	0.0544939
851.418	0.126396
853.392	0.106284
855.365	0.0861721
857.337	0.0757463
859.309	0.0750065
861.281	0.0548953
863.252	0.0154129
865.222	0.0146739
867.192	0.0236203
869.161	0.0277242
871.13	0.00761421
873.098	0.021404
875.065	0.0448801
877.032	0.0344564
878.999	0.0337183
880.964	0.0232955
882.93	0.0613003
884.895	0.0266633
886.859	0.0549831
888.822	0.0833038
890.785	0.0389817
892.748	-0.0295544
894.71	0.0520373
896.671	-0.0407121
898.632	0.011823
900.593	0.00140165
902.552	0.0248807
904.512	-6.88708e-005
906.47	0.00403914
908.429	0.00330402
910.386	0.0509981
912.343	0.0260497
914.3	0.00594387
916.256	0.0342669
918.211	0.0238479
920.166	0.057014
922.12	0.0708092
924.074	-0.00256625
926.027	0.0499721
927.98	0.00565361
929.932	0.0388209
931.883	0.0623032
933.834	0.0518854
935.785	0.0463104
937.735	0.0843214
939.684	0.0303191
941.633	0.015059
943.581	0.053071
945.529	0.023283
947.476	0.0467665
949.423	0.0218217
951.369	-0.0321795
953.315	0.0203615
955.26	0.0341602
957.204	-0.0198404
959.148	0.00364424
961.091	-0.0212991
963.034	-0.051085
964.977	-0.00822872
966.918	-0.0573853
968.86	0.0242141
970.8	-0.0193713
972.74	-0.00946603
974.68	0.0246534
976.619	0.0490868
978.558	0.0589918
980.496	-0.0182741
982.433	0.0303735
984.37	0.0209072
986.306	0.00175487
988.242	-0.00286892
990.178	0.0167214
992.112	0.0508402
994.047	0.0607449
995.98	0.0415923
997.913	0.099925
999.846	0.119515
1001.78	0.255333
1003.71	0.274923
1005.64	0.105642
1007.57	0.0816464
1009.5	0.0624936
1011.43	0.0481835
1013.36	0.0338735
1015.29	0.0244063
1017.22	0.000410564
1019.14	-0.033272
1021.07	0.0299032
1023	0.0155932
1024.92	-0.00356088
1026.85	0.0741428
1028.77	0.0210889
1030.7	0.0697356
1032.62	0.0602672
1034.54	0.0217419
1036.46	0.0849159
1038.39	0.0802915
1040.31	0.109566
1042.23	0.192111
1044.15	0.182643
1046.07	0.289402
1047.99	0.284777
1049.91	0.280151
1051.83	0.26584
1053.74	0.261213
1055.66	0.188788
1057.58	0.198691
1059.49	0.198907
1061.41	0.179753
1063.32	0.0927985
1065.24	0.131758
1067.15	0.0980749
1069.07	0.107978
1070.98	0.0936654
1072.89	0.0648245
1074.8	0.0650409
1076.72	0.0604153
1078.63	0.0412601
1080.54	0.0995901
1082.45	0.162763
1084.36	0.0370658
1086.27	0.00822488
1088.17	0.0810825
1090.08	0.0619272
1091.99	0.0718289
1093.9	0.0526737
1095.8	0.0335176
1097.71	0.0870048
1099.61	0.0678486
1101.52	0.0680647
1103.42	0.102179
1105.33	0.0733388
1107.23	0.131668
1109.13	0.0543975
1111.03	0.122412
1112.94	0.0790426
1114.84	0.0695722
1116.74	0.0552586
1118.64	0.0603166
1120.54	0.0605315
1122.44	0.0704323
1124.33	0.0948602
1126.23	0.143504
1128.13	0.143718
1130.03	0.105191
1131.92	0.0666622
1133.82	0.0668773
1135.71	0.0380341
1137.61	0.0430921
1139.5	0.0529915
1141.4	0.0289925
1143.29	-0.0337502
1145.18	-0.0141652
1147.08	0.0199498
1148.97	0.000792161
1150.86	-0.0667934
1152.75	-0.0229943
1154.64	-0.0179374
1156.53	0.054919
1158.42	0.0406042
1160.31	-0.0172957
1162.2	0.0182182
1164.08	-0.0299795
1165.97	-0.0149896
1167.86	0.0205244
1169.75	-0.00461227
1171.63	0.0635503
1173.52	-0.0232559
1175.4	0.00616378
1177.28	0.0404265
1179.17	-0.0270083
1181.05	0.00241166
1182.93	-0.0311251
1184.82	-0.0162319
1186.7	-0.00618359
1188.58	0.0280792
1190.46	0.0478134
1192.34	0.0917616
1194.22	0.00495367
1196.1	0.0198448
1197.98	-0.013692
1199.86	0.0108851
1201.73	0.040303
1203.61	0.103622
1205.49	0.0603999
1207.36	0.133403
1209.24	0.104709
1211.11	0.0469563
1212.99	0.0860618
1214.86	0.0864227
1216.74	0.0625713
1218.61	0.106518
1220.48	0.0923501
1222.35	0.175039
1224.23	0.117288
1226.1	0.103121
1227.97	0.0889529
1229.84	0.0699428
1231.71	0.13326
1233.58	0.119093
1235.45	0.133982
1237.31	0.158555
1239.18	0.0669028
1241.05	0.149592
1242.92	0.164481
1244.78	0.116412
1246.65	0.179729
1248.51	0.146189
1250.38	0.117493
1252.24	0.20018
1254.11	0.210226
1255.97	0.157314
1257.83	0.240001
1259.69	0.124132
1261.56	0.143865
1263.42	0.149066
1265.28	0.120369
1267.14	0.178841
1269	0.184043
1270.86	0.165031
1272.72	0.146019
1274.57	0.175433
1276.43	0.122521
1278.29	0.113194
1280.15	0.137767
1282	0.142967
1283.86	0.215968
1285.71	0.119469
1287.57	0.148885
1289.42	0.149242
1291.28	0.198029
1293.13	0.237129
1294.98	0.218115
1296.83	0.194258
1298.69	0.233359
1300.54	0.194974
1302.39	0.321244
1304.24	0.215059
1306.09	0.336487
1307.94	0.332001
1309.79	0.312987
1311.64	0.177745
1313.48	0.347599
1315.33	0.231728
1317.18	0.290199
1319.03	0.251814
1320.87	0.286069
1322.72	0.233155
1324.56	0.35458
1326.41	0.166067
1328.25	0.268122
1330.09	0.229734
1331.94	0.225248
1333.78	0.240132
1335.62	0.322815
1337.46	0.342542
1339.31	0.289628
1341.15	0.227026
1342.99	0.212853
1344.83	0.295536
1346.67	0.31042
1348.5	0.349516
1350.34	0.277228
1352.18	0.30664
1354.02	0.258567
1355.86	0.287979
1357.69	0.360975
1359.53	0.298374
1361.36	0.23577
1363.2	0.19254
1365.03	0.25585
1366.87	0.222305
1368.7	0.193601
1370.53	0.174583
1372.37	0.097453
1374.2	0.170449
1376.03	0.199859
1377.86	0.122727
1379.69	0.152137
1381.52	0.162176
1383.35	0.0947295
1385.18	0.0660258
1387.01	0.11965
1388.84	0.134532
1390.67	0.105828
1392.49	0.0335368
1394.32	0.125904
1396.15	0.116571
1397.97	0.0588088
1399.8	0.102747
1401.62	0.132156
1403.45	0.0792377
1405.27	0.0941176
1407.1	0.123528
1408.92	0.133565
1410.74	0.104859
1412.56	0.100367
1414.39	0.0861922
1416.21	0.0768577
1418.03	0.145009
1419.85	0.0485033
1421.67	0.136026
1423.49	0.160591
1425.31	0.136728
1427.12	0.185506
1428.94	0.2246
1430.76	0.13778
1432.58	0.147817
1434.39	0.20628
1436.21	0.172732
1438.03	0.294154
1439.84	0.284818
1441.66	0.314226
1443.47	0.290361
1445.28	0.276182
1447.1	0.344332
1448.91	0.291411
1450.72	0.311131
1452.53	0.316324
1454.35	0.360261
1456.16	0.283125
1457.97	0.264103
1459.78	0.293509
1461.59	0.17763
1463.4	0.21188
1465.2	0.188013
1467.01	0.168991
1468.82	0.116069
1470.63	0.126104
1472.43	0.131295
1474.24	0.112273
1476.05	0.117465
1477.85	0.0693839
1479.66	0.0648904
1481.46	0.0603949
1483.27	0.0849584
1485.07	0.0368778
1486.87	0.0323823
1488.67	-0.0399125
1490.48	0.0476074
1492.28	0.0527979
1494.08	-0.00496874
1495.88	0.0292786
1497.68	0.00541182
1499.48	-0.0329835
1501.28	-0.0181074
1503.08	-0.0032316
1504.88	-0.0270981
1506.68	-0.00253669
1508.47	-0.0264059
1510.27	-0.0115307
1512.07	0.0517731
1513.86	-0.0253672
1515.66	-0.0133754
1517.46	-0.0034592
1519.25	-0.0198324
1521.04	0.0292526
1522.84	0.0347558
1524.63	-0.0178585
1526.43	0.0263875
1528.22	0.0415728
1530.01	0.0131726
1531.8	-0.0200704
1533.59	-0.00972792
1535.38	0.0103002
1537.17	0.0157998
1538.96	0.030985
1540.75	0.0413275
1542.54	0.0274558
1544.33	0.0281126
1546.12	0.0432978
1547.91	-0.0335306
1549.69	0.0494504
1551.48	0.00167891
1553.27	-0.0170356
1555.05	0.0417315
1556.84	0.0278598
1558.62	0.0381987
1560.41	0.0194842
1562.19	0.0395085
1563.98	0.0789079
1565.76	0.0166044
1567.54	0.0559999
1569.32	0.0372818
1571.11	0.0330958
1572.89	0.0724916
1574.67	0.0634589
1576.45	0.107698
1578.23	0.0744508
1580.01	0.0896325
1581.79	0.133871
1583.57	0.11031
1585.34	0.125488
1587.12	0.116455
1588.9	0.112266
1590.68	0.0741762
1592.45	0.123254
1594.23	0.12875
1596	0.0858138
1597.78	0.0816243
1599.55	0.0919593
1601.33	0.150726
1603.1	0.0981045
1604.88	0.1375
1606.65	0.109093
1608.42	0.1049
1610.19	0.105549
1611.96	0.0238704
1613.74	0.0923229
1615.51	0.131715
1617.28	0.103308
1619.05	0.123328
1620.82	0.0997636
1622.58	0.0326099
1624.35	0.139801
1626.12	0.12108
1627.89	0.0829863
1629.66	0.054579
1631.42	0.0842815
1633.19	0.0752453
1634.95	0.109791
1636.72	0.105597
1638.49	0.120776
1640.25	0.160164
1642.01	0.199552
1643.78	0.142088
1645.54	0.200848
1647.3	0.225707
1649.07	0.206986
1650.83	0.22216
1652.59	0.290605
1654.35	0.39295
1656.11	0.291897
1657.87	0.307071
1659.63	0.331931
1661.39	0.308362
1663.15	0.241209
1664.91	0.237012
1666.67	0.227972
1668.42	0.257671
1670.18	0.238945
1671.94	0.249277
1673.69	0.124005
1675.45	0.148865
1677.2	0.130136
1678.96	0.203424
1680.71	0.145952
1682.47	0.151441
1684.22	0.166612
1685.97	0.10914
1687.73	0.0565145
1689.48	0.0910566
1691.23	0.140127
1692.98	0.0487552
1694.73	0.102669
1696.49	0.0887856
1698.24	0.0555282
1699.99	0.031956
1701.73	0.0616514
1703.48	0.0380793
1705.23	0.00966466
1706.98	0.0151495
1708.73	0.0109487
1710.47	0.00190148
1712.22	0.0170723
1713.97	0.051614
1715.71	0.0474097
1717.46	-0.0342764
1719.2	-0.0287951
1720.95	0.00574701
1722.69	0.00638547
1724.44	-0.0171867
1726.18	0.0125088
1727.92	-0.0110669
1729.67	0.0234749
1731.41	0.0289562
1733.15	0.0102233
1734.89	-0.0375665
1736.63	0.0115002
1738.37	0.00729587
1740.11	0.0321485
1741.85	-0.0156413
1743.59	-0.0198457
1745.33	0.0146925
1747.07	0.0395448
1748.81	-0.027616
1750.54	0.0166041
1752.28	0.0223691
1754.02	0.0170652
1755.75	-0.0448174
1757.49	0.00469119
1759.22	-0.00876314
1760.96	0.0484283
1762.69	-0.0332093
1764.43	0.0110708
1766.16	-0.0415099
1767.89	-0.0119933
1769.63	0.0029978
1771.36	-0.0142979
1773.09	0.057422
1774.82	0.00501426
1776.55	-0.0425503
1778.29	0.0164323
1780.02	-0.0166041
1781.75	0.0170652
1783.47	0.0273742
1785.2	0.032844
1786.93	-0.0391715
1788.66	-0.00948732
1790.39	0.0492535
1792.12	-0.0179191
1793.84	0.0262897
1795.57	-0.0409707
1797.3	0.00799669
1799.02	-0.0156815
1800.75	0.0429715
1802.47	0.0241361
1804.2	-0.00922454
1805.92	-0.00884088
1807.64	0.00122844
1809.37	-0.0226
1811.09	-0.0262897
1812.81	0.0378201
1814.53	-0.0010375
1816.26	0.0133754
1817.98	-0.0394346
1819.7	0.0168346
1821.42	0.0129143
1823.14	0.0122223
1824.86	-0.00830203
1826.58	0.00668785
1828.29	-0.0127281
1830.01	-0.00793048
1831.73	-0.00313258
1833.45	-0.00802034
1835.16	-0.0177509
1836.88	-0.012953
1838.6	0.0112159
1840.31	0.0111712
1842.03	0.020812
1843.74	-0.00344708
1845.46	0.0546219
1847.17	0.0109915
1848.89	0.00126096
1850.6	0.00121632
1852.31	0.0447568
1854.02	0.0108124
1855.74	-0.0134469
1857.45	-0.0183344
1859.16	0.000992271
1860.87	0.0493756
1862.58	0.0105884
1864.29	0.0396004
1866	-0.0524579
1867.71	0.0443537
1869.42	-0.00411924
1871.13	0.000678658
1872.84	0.0103197
1874.54	-0.00425343
1876.25	0.0392874
1877.96	-0.0140284
1879.66	0.0343553
1881.37	-0.0141176
1883.07	0.0148947
1884.78	-0.00452123
1886.48	0.0390196
1888.19	0.0535034
1889.89	0.000187695
1891.6	0.0146715
1893.3	-0.0192729
1895	-0.0144747
1896.7	0.0387521
1898.41	0.0241787
1900.11	0.0241343
1901.81	-0.0340242
1903.51	0.00467405
1905.21	0.0530577
1906.91	-0.0196291
1908.61	0.0432831
1910.31	-0.00518954
1912.01	0.01898
1913.71	0.00440684
1915.4	0.0382626
1917.1	-0.0295816
1918.8	0.0188023
1920.5	0.0236005
1922.19	-0.0539291
1923.89	0.0331975
1925.58	-0.0394892
1927.28	-0.0153195
1928.97	0.0379073
1930.67	0.00396288
1932.36	0.028133
1934.06	0.0426168
1935.75	-0.00101267
1937.44	0.00862865
1939.13	-0.00110134
1940.83	-0.0108313
1942.52	0.0472382
1944.21	0.0084513
1945.9	0.00840726
1947.59	-0.0545938
1949.28	0.0228471
1950.97	0.0131174
1952.66	-0.00145545
1954.35	-0.00149979
1956.03	-0.00154383
1957.72	0.00325496
1959.41	-0.00647503
1961.1	0.0370661
1962.78	0.017651
1964.47	-0.0114503
1966.16	0.0417765
1967.84	0.00783264
1969.53	0.0077886
1971.21	0.0368015
1972.9	0.0028574
1974.58	0.0124993
1976.26	0.0269837
1977.95	0.0124109
1979.63	-0.00700442
1981.31	0.00263748
1983	0.0364929
1984.68	0.0025491
1986.36	0.031562
1988.04	0.012147
1989.72	-0.0217969
1991.4	0.0508015
1993.08	-0.0557847
1994.76	-0.0267718
1996.44	0.0361412
1998.12	-0.00264546
1999.79	-0.00268921
2001.47	-0.0221046
2003.15	0.0262797
2004.83	-0.0367208
2006.5	0.031035
2008.18	-0.00290883
2009.86	-0.027167
2011.53	-0.0223679
2013.21	-0.0417833
2014.88	0.0211297
2016.55	0.00171497
2018.23	0.0161994
2019.9	0.0306841
2021.58	0.0548542
2023.25	0.0596533
2024.92	-0.0130328
2026.59	0.0401945
2028.26	0.00140816
2029.94	-0.0276925
2031.61	0.0255348
2033.28	-0.00356591
2034.95	-0.0520379
2036.62	0.0593033
2038.29	-0.0133828
2039.95	0.0398448
2041.62	-0.0328413
2043.29	0.0252289
2044.96	0.0348708
2046.63	0.0348273
2048.29	0.0396267
2049.96	-0.0330594
2051.63	-0.0427888
2053.29	-0.00408968
2054.96	0.0588233
2056.62	0.000665948
2058.29	0.0199935
2059.95	-0.033321
2061.61	0.0150638
2063.28	0.0198629
2064.94	0.00529093
2066.6	0.0246188
2068.27	0.000360906
2069.93	0.0390601
2071.59	0.00511683
2073.25	0.0292875
2074.91	0.0152204
2076.57	-0.023753
2078.23	-0.00668785
2079.89	-0.00622645
2081.55	-0.00152787
2083.21	-0.0404147
2084.87	0.0127121
2086.53	-0.0164891
2088.19	-0.0360046
2089.84	-0.036148
2091.5	-0.0120781
2093.16	0.0216774
2094.81	0.0118768
2096.47	0.00207558
2098.12	0.0697602
2099.78	0.030902
2101.43	0.0113625
2103.09	0.0160362
2104.74	0.0303965
2106.4	0.0253846
2108.05	-0.0232118
2109.7	-0.0282225
2111.36	0.0248792
2113.01	-0.0382457
2114.66	0.000328983
2116.31	-0.0288962
2117.96	0.0242067
2119.61	0.00466725
2121.26	0.0238707
2122.91	-0.0150401
2124.56	0.0283771
2126.21	0.00883763
2127.86	-0.0155444
2129.51	0.0375585
2131.16	-0.0207236
2132.8	0.0130092
2134.45	-0.0113731
2136.1	-0.021227
2137.74	0.0221915
2139.39	0.0268661
2141.04	0.0315407
2142.68	-0.031583
2144.33	0.045734
2145.97	0.0116672
2147.62	-0.00787225
2149.26	0.0258605
2150.9	0.0160076
2152.55	0.0206825
2154.19	0.0350437
2155.83	0.0494052
2157.47	0.025024
2159.12	0.00548454
2160.76	-0.00921095
2162.4	-0.0142211
2164.04	0.0340402
2165.68	0.0338732
2167.32	0.00464892
2168.96	0.00932475
2170.6	-0.024742
2172.24	0.0138333
2173.88	0.0136663
2175.51	0.018343
2177.15	0.0133331
2178.79	-0.0110483
2180.43	-0.0160581
2182.06	-0.0162242
2183.7	-0.00670559
2185.33	0.0274428
2186.97	-0.015409
