279.74	0.0171221
281.884	0.0227539
284.026	0.0202953
286.169	0.0143714
288.31	0.00382343
290.451	0.0256288
292.591	-0.0114959
294.73	0.00684104
296.869	0.0297998
299.007	-0.00963804
301.145	-0.000545861
303.281	-0.0110988
305.417	0.0268782
307.553	-0.0206501
309.688	0.00461584
311.822	-0.015183
313.955	-0.0049404
316.088	-0.0166519
318.22	0.0224766
320.352	0.00267571
322.483	0.00482798
324.613	0.00929022
326.742	-0.00589177
328.871	-0.0187628
330.999	0.00649603
333.127	0.0155781
335.254	0.0119489
337.38	0.00600772
339.506	-0.0137991
341.631	0.00567907
343.755	0.00897977
345.879	-0.00505182
348.001	-0.00753048
350.124	0.0096348
352.246	-0.0147981
354.367	0.0104536
356.487	-0.0058929
358.607	-0.0025963
360.726	-0.0108554
362.844	0.00514929
364.962	0.00382201
367.079	-0.0206158
369.195	-0.00114659
371.311	-0.02443
373.426	0.00525465
375.541	-0.00550234
377.655	-0.00951886
379.768	-0.00231095
381.881	-0.00731806
383.993	0.0118576
386.104	-0.00940884
388.215	0.0133705
390.325	-0.00809299
392.434	-0.0156909
394.543	0.0321741
396.651	-0.0158658
398.758	-0.00151007
400.865	0.01169
402.971	0.0272009
405.077	0.0184469
407.182	-0.0145725
409.286	0.00324879
411.389	0.00720424
413.492	0.00769326
415.595	0.0370692
417.696	0.0109818
419.797	0.0322689
421.898	-0.0042178
423.997	0.056355
426.097	0.0152462
428.195	0.018045
430.293	0.0162218
432.39	0.0294197
434.487	0.00910869
436.583	0.0072852
438.678	-0.0199592
440.773	0.00363752
442.867	0.000657995
444.96	-0.012721
447.053	0.0143416
449.145	-0.00365953
451.236	0.000293101
453.327	0.0100231
455.418	0.00473192
457.507	0.00467691
459.596	-0.0292171
461.684	-0.0156264
463.772	0.00374148
465.859	-0.00236596
467.946	-0.00478693
470.031	0.0201383
472.117	-0.00627261
474.201	-0.00525705
476.285	0.0154015
478.368	-0.00669237
480.451	-0.00221038
482.533	0.0161373
484.615	-0.00942294
486.695	-0.0118735
488.776	-0.00623593
490.855	0.00402372
492.934	-0.00420426
495.012	0.033787
497.09	0.0209371
499.167	0.0369743
501.244	0.00679237
503.319	0.0158968
505.395	0.012291
507.469	0.0179291
509.543	-0.00531968
511.616	0.000318489
513.689	0.011734
515.761	0.0612803
517.833	0.0230104
519.903	-0.0245031
521.974	0.0354426
524.043	0.021438
526.112	0.0132105
528.181	0.00960518
530.248	0.0267985
532.316	0.0116384
534.382	0.0299874
536.448	-0.00597118
538.513	-0.0153536
540.578	-0.0224253
542.642	-0.00176523
544.705	0.0177392
546.768	0.00142403
548.83	0.0174622
550.892	0.00923535
552.953	0.00100864
555.013	0.014736
557.073	0.00188738
559.132	0.00637106
561.191	0.0189431
563.249	0.0107165
565.306	0.0128892
567.363	0.00466281
569.419	0.0103021
571.474	-0.0037017
573.529	0.00309321
575.583	0.00526622
577.637	-0.00180459
579.69	-0.000787055
581.742	0.00716347
583.794	-0.00337362
585.845	0.006888
587.896	-0.000182659
589.946	-0.00378675
591.995	0.00878582
594.044	0.00749282
596.092	-0.0169097
598.14	0.00721764
600.187	-0.00794094
602.233	-0.0127002
604.279	-0.0301699
606.324	-0.0233743
608.369	-0.0235117
610.413	-0.0213379
612.456	-0.0156978
614.499	-0.00543576
616.541	0.0210031
618.583	0.00815562
620.623	0.00686318
622.664	0.0101925
624.704	0.00427817
626.743	-0.0363005
628.781	-0.0110168
630.819	0.0108003
632.857	-0.0055132
634.893	0.00821584
636.929	-0.00463121
638.965	-0.00130146
641	0.0170495
643.034	0.031934
645.068	0.0225537
647.101	0.00739592
649.134	-0.00429538
651.166	-0.00558739
653.197	0.0139193
655.228	-0.00817113
657.258	0.0113356
659.288	0.0111993
661.317	0.0283952
663.345	0.0317254
665.373	0.0165681
667.4	0.0279866
669.427	0.0394052
671.453	0.0138488
673.478	-0.0151742
675.503	-0.0141547
677.527	-0.000424982
679.551	0.0179268
681.574	0.0154799
683.597	-0.0123874
685.619	-0.000968445
687.64	-0.00803699
689.661	-0.00123982
691.681	-0.0314179
693.7	-0.00462191
695.719	0.00260448
697.738	-0.00750129
699.755	-0.0129844
701.773	-0.00691311
703.789	-0.020484
705.805	0.00985315
707.821	0.0020596
709.836	0.0254643
711.85	0.00842784
713.864	0.0225892
715.877	0.0240407
717.889	0.0382029
719.901	0.032722
721.913	0.0168419
723.923	0.0171392
725.934	0.0636552
727.943	0.0604865
729.952	0.0434521
731.961	0.0379725
733.969	0.022094
735.976	0.0339473
737.983	0.029624
739.989	0.00912448
741.994	0.0567986
743.999	0.0443878
746.004	0.0550865
748.007	0.0392102
750.011	0.0452874
752.013	0.0386554
754.015	0.0378007
756.017	0.032324
758.018	0.0222259
760.018	0.0410152
762.018	0.0378503
764.017	0.0254421
766.016	0.0292106
768.014	0.0364459
770.011	0.0263496
772.008	0.020875
774.005	0.0281107
776	0.0549905
777.996	0.0760923
779.99	0.0867959
781.984	0.0801671
783.978	0.0816267
785.971	0.0796204
787.963	0.0556605
789.955	0.0420997
791.946	0.0551155
793.936	0.0161351
795.926	0.0464834
797.916	0.0398563
799.905	0.00665386
801.893	0.0196709
803.881	0.0188221
805.868	0.0214402
807.855	0.0333022
809.841	0.0139666
811.826	0.00849724
813.811	0.0261374
815.796	0.0091132
817.78	-0.0113769
819.763	0.0178189
821.745	0.0574144
823.728	0.0415465
825.709	0.0407008
827.69	0.0213674
829.67	0.0459426
831.65	0.0277651
833.63	0.0165205
835.608	0.0295418
837.586	-0.00134519
839.564	-0.0183663
841.541	0.0200758
843.518	0.0400304
845.494	0.0218546
847.469	0.0406545
849.444	0.0467442
851.418	0.0597671
853.392	0.0161717
855.365	0.033817
857.337	0.0387525
859.309	0.0425325
861.281	-0.00568401
863.252	0.0119621
865.222	0.0365417
867.192	0.0160575
869.161	-0.015981
871.13	0.00975427
873.098	0.0158469
875.065	0.0219399
877.032	0.00839004
878.999	-0.00747096
880.964	0.0124887
882.93	0.0151157
884.895	-0.0180766
886.859	0.00997191
888.822	0.0114447
890.785	-0.00819835
892.748	-0.034004
894.71	0.0115548
896.671	0.0136457
898.632	0.00605243
900.593	0.00522715
902.552	-0.0098585
904.512	-0.00530106
906.47	-0.0192312
908.429	-0.00658531
910.386	-0.00433882
912.343	0.00599615
914.3	0.0186421
916.256	-0.00799835
918.211	0.0370009
920.166	0.00111697
922.12	0.0588265
924.074	0.0483629
926.027	0.0494542
927.98	0.0563227
929.932	0.0447038
931.883	0.0561944
933.834	0.0468864
935.785	0.0456667
937.735	0.0479135
939.684	0.0547823
941.633	0.0362305
943.581	0.0396329
945.529	0.0187703
947.476	0.0187062
949.423	0.0209532
951.369	0.0220446
953.315	0.0242915
955.26	0.0346269
957.204	0.00336501
959.148	0.0171668
961.091	0.0286577
963.034	0.00779523
964.977	0.0204416
966.918	0.00304554
968.86	0.0191583
970.8	-0.000548541
972.74	0.0236526
974.68	0.016656
976.619	0.0154367
978.558	0.0188393
980.496	0.041885
982.433	-0.00786407
984.37	0.0463796
986.306	0.00356333
988.242	0.0358529
990.178	0.0484995
992.112	0.0623016
994.047	0.057616
995.98	0.0679518
997.913	0.0967751
999.846	0.145241
1001.78	0.258415
1003.71	0.22022
1005.64	0.171627
1007.57	0.0872136
1009.5	0.0640406
1011.43	0.0616662
1013.36	0.0558254
1015.29	0.0407406
1017.22	0.0106347
1019.14	0.0475469
1021.07	0.0359287
1023	0.035865
1024.92	0.0173144
1026.85	0.0114735
1028.77	0.0472301
1030.7	0.0598769
1032.62	0.0887006
1034.54	0.0840155
1036.46	0.0411998
1038.39	0.12202
1040.31	0.151999
1042.23	0.162335
1044.15	0.236222
1046.07	0.305488
1047.99	0.326223
1049.91	0.358513
1051.83	0.344584
1053.74	0.328345
1055.66	0.290151
1057.58	0.232314
1059.49	0.192965
1061.41	0.176725
1063.32	0.175507
1065.24	0.151179
1067.15	0.146494
1069.07	0.125632
1070.98	0.107082
1072.89	0.119729
1074.8	0.0699811
1076.72	0.0884055
1078.63	0.0513674
1080.54	0.0513046
1082.45	0.0477754
1084.36	0.0592673
1086.27	0.0638264
1088.17	0.0649194
1090.08	0.0486798
1091.99	0.0289739
1093.9	0.0843739
1095.8	0.0588909
1097.71	0.113136
1099.61	0.0841862
1101.52	0.0818123
1103.42	0.0933046
1105.33	0.0712878
1107.23	0.0978012
1109.13	0.0827176
1111.03	0.0918989
1112.94	0.0664155
1114.84	0.0698194
1116.74	0.0743789
1118.64	0.100892
1120.54	0.0777203
1122.44	0.0718805
1124.33	0.119193
1126.23	0.123752
1128.13	0.120223
1130.03	0.0958958
1131.92	0.0577029
1133.82	0.0553294
1135.71	0.0367796
1137.61	0.0205405
1139.5	-0.0188079
1141.4	-0.00731567
1143.29	-0.00968868
1145.18	0.00642579
1147.08	-0.0132798
1148.97	-0.00294271
1150.86	-0.00416039
1152.75	0.0142652
1154.64	-0.00659561
1156.53	0.0106743
1158.42	0.0189278
1160.31	-0.0188967
1162.2	-0.015124
1164.08	-0.0113531
1165.97	-0.0179797
1167.86	0.0193018
1169.75	0.0126751
1171.63	0.0106688
1173.52	0.0179079
1175.4	0.0135907
1177.28	0.0196726
1179.17	0.00380213
1181.05	0.019128
1182.93	0.0275208
1184.82	0.0232052
1186.7	0.0131104
1188.58	0.0515458
1190.46	0.0310517
1192.34	0.0302009
1194.22	0.0235727
1196.1	0.0308101
1197.98	0.0623126
1199.86	0.0707055
1201.73	0.0617647
1203.61	0.109444
1205.49	0.079706
1207.36	0.0984966
1209.24	0.109201
1211.11	0.115281
1212.99	0.090165
1214.86	0.110111
1216.74	0.072285
1218.61	0.0714325
1220.48	0.11911
1222.35	0.0963034
1224.23	0.112785
1226.1	0.114243
1227.97	0.148055
1229.84	0.144891
1231.71	0.125551
1233.58	0.147808
1235.45	0.1562
1237.31	0.162278
1239.18	0.17067
1241.05	0.175595
1242.92	0.204784
1244.78	0.153089
1246.65	0.163792
1248.51	0.188358
1250.38	0.200216
1252.24	0.17163
1254.11	0.204287
1255.97	0.14797
1257.83	0.199112
1259.69	0.157816
1261.56	0.17314
1263.42	0.201173
1265.28	0.223429
1267.14	0.185599
1269	0.185901
1270.86	0.14576
1272.72	0.181881
1274.57	0.145206
1276.43	0.202125
1278.29	0.166607
1280.15	0.17153
1282	0.144099
1283.86	0.1444
1285.71	0.211717
1287.57	0.188909
1289.42	0.193831
1291.28	0.191821
1293.13	0.204831
1294.98	0.232862
1296.83	0.205431
1298.69	0.227686
1300.54	0.24994
1302.39	0.238685
1304.24	0.24014
1306.09	0.284348
1307.94	0.206075
1309.79	0.252594
1311.64	0.255205
1313.48	0.27168
1315.33	0.241937
1317.18	0.236459
1319.03	0.250625
1320.87	0.262477
1322.72	0.23389
1324.56	0.229567
1326.41	0.261064
1328.25	0.276384
1330.09	0.254728
1331.94	0.286225
1333.78	0.285368
1335.62	0.299532
1337.46	0.28712
1339.31	0.295508
1341.15	0.287717
1342.99	0.308814
1344.83	0.289469
1346.67	0.349852
1348.5	0.281975
1350.34	0.284584
1352.18	0.298748
1354.02	0.244739
1355.86	0.314366
1357.69	0.301952
1359.53	0.296473
1361.36	0.265571
1363.2	0.275113
1365.03	0.207237
1366.87	0.21909
1368.7	0.187033
1370.53	0.175774
1372.37	0.172606
1374.2	0.185613
1376.03	0.159333
1377.86	0.116877
1379.69	0.141439
1381.52	0.126714
1383.35	0.123544
1385.18	0.126152
1387.01	0.126448
1388.84	0.14061
1390.67	0.11202
1392.49	0.115781
1394.32	0.0883463
1396.15	0.0921092
1397.97	0.114358
1399.8	0.112344
1401.62	0.087218
1403.45	0.0967583
1405.27	0.120163
1407.1	0.108904
1408.92	0.125376
1410.74	0.094473
1412.56	0.108634
1414.39	0.10893
1416.21	0.132334
1418.03	0.141873
1419.85	0.129458
1421.67	0.138997
1423.49	0.13467
1425.31	0.155763
1427.12	0.0982824
1428.94	0.117065
1430.76	0.145091
1432.58	0.198538
1434.39	0.172255
1436.21	0.232635
1438.03	0.247951
1439.84	0.206647
1441.66	0.275115
1443.47	0.276564
1445.28	0.251437
1447.1	0.294484
1448.91	0.275134
1450.72	0.267339
1452.53	0.264166
1454.35	0.229797
1456.16	0.240489
1457.97	0.255804
1459.78	0.215655
1461.59	0.234436
1463.4	0.19891
1465.2	0.183025
1467.01	0.157897
1468.82	0.161657
1470.63	0.118042
1472.43	0.116023
1474.24	0.111694
1476.05	0.0981217
1477.85	0.116901
1479.66	0.10795
1481.46	0.0643339
1483.27	0.0680936
1485.07	0.0695407
1486.87	0.0675215
1488.67	0.0493254
1490.48	0.0438412
1492.28	0.041822
1494.08	0.0294034
1495.88	0.0042745
1497.68	0.0242093
1499.48	0.00601322
1501.28	-0.00524986
1503.08	0.0204623
1504.88	-0.00351114
1506.68	0.0187346
1508.47	0.0190246
1510.27	0.0343375
1512.07	-0.00119074
1513.86	0.0476293
1515.66	0.0259669
1517.46	0.0401243
1519.25	0.0242376
1521.04	0.00604002
1522.84	0.0271303
1524.63	-0.0199543
1526.43	-0.00233056
1528.22	-0.00666247
1530.01	0.00402696
1531.8	-0.00839328
1533.59	-0.00579233
1535.38	-0.0378557
1537.17	-0.034004
1538.96	-0.00773698
1540.75	-0.0103567
1542.54	0.00204479
1544.33	0.0132907
1546.12	-0.0066612
1547.91	0.0253834
1549.69	-0.00266174
1551.48	0.0305383
1553.27	0.00712003
1555.05	0.0206722
1556.84	0.058494
1558.62	0.063958
1560.41	0.0232074
1562.19	0.0240493
1563.98	0.0191187
1565.76	0.0349818
1567.54	0.072799
1569.32	0.0875066
1571.11	0.0929752
1572.89	0.0776405
1574.67	0.108525
1576.45	0.0770134
1578.23	0.111364
1580.01	0.130694
1581.79	0.108426
1583.57	0.109268
1585.34	0.114727
1587.12	0.0947705
1588.9	0.112945
1590.68	0.0952989
1592.45	0.098447
1594.23	0.11431
1596	0.130169
1597.78	0.142565
1599.55	0.164201
1601.33	0.155799
1603.1	0.157792
1604.88	0.164411
1606.65	0.137517
1608.42	0.137199
1610.19	0.126481
1611.96	0.0914986
1613.74	0.107362
1615.51	0.12322
1617.28	0.112503
1619.05	0.0613434
1620.82	0.130354
1622.58	0.0988327
1624.35	0.120468
1626.12	0.083175
1627.89	0.0886342
1629.66	0.102182
1631.42	0.130745
1633.19	0.115406
1634.95	0.138192
1636.72	0.140185
1638.49	0.144489
1640.25	0.133767
1642.01	0.158864
1643.78	0.156235
1645.54	0.158223
1647.3	0.19603
1649.07	0.19109
1650.83	0.232364
1652.59	0.243596
1654.35	0.24674
1656.11	0.264904
1657.87	0.246094
1659.63	0.255014
1661.39	0.236204
1663.15	0.205838
1664.91	0.232091
1666.67	0.225991
1668.42	0.217575
1670.18	0.205697
1671.94	0.175332
1673.69	0.198114
1675.45	0.178147
1677.2	0.169731
1678.96	0.152076
1680.71	0.178324
1682.47	0.159514
1684.22	0.117589
1685.97	0.111484
1687.73	0.140048
1689.48	0.125854
1691.23	0.140548
1692.98	0.103245
1694.73	0.0728746
1696.49	0.078329
1698.24	0.0606691
1699.99	0.0753626
1701.73	0.0426768
1703.48	0.0550593
1705.23	0.0293111
1706.98	0.0393827
1708.73	0.0517652
1710.47	0.0248568
1712.22	0.00373047
1713.97	-0.00121916
1715.71	0.0100031
1717.46	0.000431541
1719.2	0.00587647
1720.95	-0.00485055
1722.69	-0.000561094
1724.44	-0.00551073
1726.18	-0.00122128
1727.92	0.0134675
1729.67	-0.00650336
1731.41	-0.00452486
1733.15	0.00438649
1734.89	0.0132979
1736.63	0.00718795
1738.37	0.00454454
1740.11	-0.00965363
1741.85	-0.00767513
1743.59	-0.00685211
1745.33	-0.00487361
1747.07	-0.00520613
1748.81	-0.000916609
1750.54	-0.00587569
1752.28	0.0180569
1754.02	-0.00307424
1755.75	0.0127653
1757.49	0.00445681
1759.22	0
1760.96	-0.00819835
1762.69	0.00434679
1764.43	0.00110047
1766.16	0.00175092
1767.89	0.00586787
1769.63	-0.00503271
1771.36	0.0129499
1773.09	-0.0129756
1774.82	-0.0238799
1776.55	0.00181573
1778.29	-0.0149112
1780.02	0.0106194
1781.75	0.00361961
1783.47	0.0231961
1785.2	0.00464158
1786.93	-0.0104466
1788.66	-0.00935806
1790.39	0.00790716
1792.12	-0.0222022
1793.84	0.00430722
1795.57	-0.00731447
1797.3	-0.00622599
1799.02	0.0156616
1800.75	0.000573366
1802.47	-0.00527052
1804.2	0.00390636
1805.92	-0.000782119
1807.64	0.0141725
1809.37	0.0129501
1811.09	-0.00329315
1812.81	0.00241766
1814.53	0.0150613
1816.26	0.00806154
1817.98	-0.00124885
1819.7	-0.000159879
1821.42	-0.0244915
1823.14	0.0077953
1824.86	-0.0165363
1826.58	-0.0119809
1828.29	0.0203062
1830.01	-0.0306012
1831.73	-0.00524732
1833.45	0.00392992
1835.16	-0.00538005
1836.88	-0.011224
1838.6	0.00488609
1840.31	-0.024067
1842.03	-0.0137343
1843.74	0.013931
1845.46	0.00346516
1847.17	-0.00931123
1848.89	0.00448791
1850.6	0.0275313
1852.31	0.0043556
1854.02	-0.00495443
1855.74	0.0030674
1857.45	-0.0108645
1859.16	-0.00168688
1860.87	-0.00290851
1862.58	0.00280265
1864.29	0.0027365
1866	-0.00772894
1867.71	-0.00317319
1869.42	0.0152482
1871.13	-0.00677199
1872.84	0.0232042
1874.54	-0.00228204
1876.25	0.0207613
1877.96	-0.00010346
1879.66	-0.00594657
1881.37	-0.0106347
1883.07	0.0158755
1884.78	0.0065655
1886.48	0.00418881
1888.19	-0.00858765
1889.89	0.000590362
1891.6	-0.00525317
1893.3	-0.000697066
1895	0.00270363
1896.7	-0.0181607
1898.41	-0.0170714
1900.11	-0.00211602
1901.81	-0.0102702
1903.51	0.00468524
1905.21	-0.0034689
1906.91	0.00917561
1908.61	0.00795434
1910.31	0.00442211
1912.01	-0.00257655
1913.71	0.00429058
1915.4	0.0100025
1917.1	0.00762576
1918.8	-0.00630568
1920.5	-0.00174958
1922.19	0.00280695
1923.89	0.0270062
1925.58	-0.00772358
1927.28	0.0141647
1928.97	-0.00323285
1930.67	0.0140336
1932.36	0.00241335
1934.06	0.0150578
1935.75	0.0207698
1937.44	0.00799418
1939.13	0.0183281
1940.83	0.00093015
1942.52	0.00548661
1944.21	-0.0142219
1945.9	-0.00388796
1947.59	0.00991239
1949.28	-0.000552349
1950.97	0.00978156
1952.66	0.016649
1954.35	-0.00999236
1956.03	0.0165186
1957.72	0.00952034
1959.41	0.0233207
1961.1	0.0174779
1962.78	0.0243458
1964.47	0.00463728
1966.16	0.00572731
1967.84	0.00912871
1969.53	-0.00133595
1971.21	-0.00717836
1972.9	0.00431103
1974.58	0.00424601
1976.26	0.0215131
1977.95	0.0168258
1979.63	0.00751701
1981.31	-0.00525825
1983	0.013164
1984.68	0.00963254
1986.36	0.00841211
1988.04	0.00372518
1989.72	0.0233033
1991.4	0.00590609
1993.08	0.00584107
1994.76	0.0242637
1996.44	-0.00353272
1998.12	0.0218227
1999.79	-0.00712885
2001.47	-0.00950475
2003.15	-0.00725882
2004.83	0.00769735
2006.5	-0.0131658
2008.18	-0.0132309
2009.86	0.000569839
2011.53	0.00281619
2013.21	-0.0168919
2014.88	-0.0221191
2016.55	0.0190379
2018.23	0.000605243
2019.9	0.0225043
2021.58	-0.00852855
2023.25	0.0062176
2024.92	0.0146361
2026.59	-0.00847347
2028.26	0.000770341
2029.94	0.00368654
2031.61	0.00596604
2033.28	0.00362356
2034.95	0.0128359
2036.62	-0.0114606
2038.29	-0.013803
2039.95	0.0104307
2041.62	0.00115541
2043.29	0.00227936
2044.96	-0.0208616
2046.63	0.0114602
2048.29	-0.00821415
2049.96	0.0137084
2051.63	0.0125214
2053.29	-0.00368654
2054.96	0.0108395
2056.62	0.00968403
2058.29	0.00341142
2059.95	-0.012215
2061.61	-0.004787
2063.28	-0.00729458
2064.94	0.0156195
2066.6	0.0142686
2068.27	-0.00788212
2069.93	-0.00923302
2071.59	-0.00134018
2073.25	-0.0142458
2074.91	-0.00404205
2076.57	-0.0111703
2078.23	-0.00905481
2079.89	0.0277249
2081.55	0.0148193
2083.21	-0.0119522
2084.87	0.0190503
2086.53	-0.00541023
2088.19	0.00941554
2089.84	0.00806577
2091.5	0.0159587
2093.16	-0.0142792
2094.81	0.0190353
2096.47	0.0165289
2098.12	-0.00561941
2099.78	0.025383
2101.43	0.011323
2103.09	0.00997212
2104.74	0.00746687
2106.4	0.0118934
2108.05	0.00592168
2109.7	-0.00929381
2111.36	-0.00371186
2113.01	0.00995957
2114.66	-0.000634017
2116.31	0.000327164
2117.96	0.0139987
2119.61	-0.00121683
2121.26	-0.00141113
2122.91	-0.00160535
2124.56	-0.00757703
2126.21	0.0107163
2127.86	0.00127819
2129.51	0.00223944
2131.16	-0.00488771
2132.8	0.00300753
2134.45	-0.0110525
2136.1	0.0187956
2137.74	0.00473679
2139.39	-0.0127896
2141.04	0.0193695
2142.68	0.00415517
2144.33	-0.000661028
2145.97	0.016478
2147.62	-0.0126032
2149.26	0.0137797
2150.9	0.0078092
2152.55	0.002993
2154.19	0.0108883
2155.83	-0.00779248
2157.47	0.000102754
2159.12	0.0126187
2160.76	-0.00606195
2162.4	0.00529972
2164.04	-0.0249358
2165.68	0.00029162
2167.32	-0.0022125
2168.96	-0.00702743
2170.6	0.013578
2172.24	-0.00279179
2173.88	-0.0087622
2175.51	0.0176218
2177.15	0.00471845
2178.79	-0.00471845
2180.43	-0.0106889
2182.06	0.000673863
2183.7	0.00394727
2185.33	0.00606625
2186.97	-0.00283615
