279.74	0.0355752
281.884	0.0260968
284.026	0.0398063
286.169	-0.0247487
288.31	-0.00814151
290.451	0.00556709
292.591	0.0337682
294.73	-0.0510819
296.869	0.00610547
299.007	0.0401021
301.145	0.0132254
303.281	-0.0078556
305.417	-0.0289366
307.553	-0.000739542
309.688	0.00426688
311.822	-0.0226137
313.955	-0.0350016
316.088	-0.0213009
318.22	-0.0249937
320.352	-0.0373826
322.483	0.0139995
324.613	-0.0157837
326.742	0.00660917
328.871	-0.0376687
330.999	0.0050142
333.127	-0.0276697
335.254	-0.0487597
337.38	0.00551614
339.506	-0.0416633
341.631	-0.013477
343.755	-0.00558284
345.879	0.00231151
348.001	-0.0100873
350.124	-0.0108902
352.246	-0.0261876
354.367	0.00779226
356.487	-0.0133047
358.607	-0.00831313
360.726	-0.0236135
362.844	-0.00992774
364.962	0.0182517
367.079	-0.0173417
369.195	0.00213954
371.311	0.00712721
373.426	-0.0284683
375.541	0.0286953
377.655	-0.0126985
379.768	-0.0569922
381.881	-0.0404126
383.993	0.0225456
386.104	-0.0159525
388.215	-0.0167673
390.325	0.0345941
392.434	-0.00680485
394.543	-0.00472281
396.651	-0.0345276
398.758	0.00523571
400.865	-0.0187727
402.971	-0.0101917
405.077	-0.0103067
407.182	0.0388564
409.286	-0.0221318
411.389	0.00963935
413.492	-0.0513488
415.595	-0.0025309
417.696	0.0346925
419.797	0.0168402
421.898	0.00648763
423.997	-0.0034509
426.097	-0.00055218
428.195	0.00138036
430.293	0.0392018
432.39	0.015811
434.487	-0.0336685
436.583	0.0299025
438.678	-0.0021843
440.773	-0.03717
442.867	-0.022877
444.96	0.00301072
447.053	-0.0145823
449.145	0.00550818
451.236	0.0313962
453.327	0.0311958
455.418	0.00220854
457.507	0.0203601
459.596	-0.0194629
461.684	0.0125611
463.772	0.00955602
465.859	0.0181459
467.946	-0.00515026
470.031	-0.00525659
472.117	-0.00536292
474.201	-0.0112665
476.285	0.0147158
478.368	-0.00858011
480.451	-0.0289773
482.533	-0.00589352
484.615	0.0229876
486.695	0.0141854
488.776	0.00538327
490.855	0.0276069
492.934	-0.0143556
495.012	0.0202911
497.09	-0.00565927
499.167	0.000276178
501.244	0.00331308
503.319	-0.00524509
505.395	0.00938653
507.469	0.00952435
509.543	-0.01615
511.616	-0.044723
513.689	0.0252603
515.761	-0.000787666
517.833	0.0311388
519.903	0.0137868
521.974	0.0254222
524.043	-0.0296132
526.112	-0.0208765
528.181	-0.0411272
530.248	0.0342799
532.316	-0.00916042
534.382	0.00247481
536.448	0.0199075
538.513	0.0489351
540.578	0.00549455
542.642	-0.0118574
544.705	0.0258663
546.768	-0.000182055
548.83	-0.00304044
550.892	-0.000101377
552.953	0.0202298
555.013	-0.0290081
557.073	-0.00287944
559.132	-0.0028391
561.191	0.00299851
563.249	0.0175323
565.306	-0.0519969
567.363	0.0205113
569.419	0.0176528
571.474	0.0408827
573.529	0.0235305
575.583	-0.00541653
577.637	0.0178134
579.69	-0.0140324
581.742	0.00629867
583.794	0.00344011
585.845	-0.016811
587.896	-0.0138721
589.946	0.00356024
591.995	-0.00799467
594.044	-0.00215706
596.092	0.0152753
598.14	0.0327076
600.187	0.0298489
602.233	0.0182939
604.279	0.00094159
606.324	-0.00191733
608.369	0.00102138
610.413	0.0184537
612.456	0.0184935
614.499	-0.0133525
616.541	-0.0191099
618.583	0.00122095
620.623	0.0447416
622.664	-0.0189903
624.704	-0.00735562
626.743	-0.00151836
628.781	0.000828181
630.819	-0.0287112
632.857	-0.0028299
634.893	-0.0378214
636.929	-0.0554899
638.965	0.0308506
641	0.0244321
643.034	0.0632197
645.068	0.015598
647.101	-0.0547994
649.134	0.0284354
651.166	-0.0158731
653.197	0.0296792
655.228	0.00276338
657.258	-0.0154557
659.288	-0.00468778
661.317	-0.00551419
663.345	0.0110521
665.373	-0.00426758
667.4	0.0818686
669.427	-0.014615
671.453	0.025142
673.478	0.0243171
675.503	-0.00549491
677.527	-0.0179143
679.551	-0.0303334
681.574	-0.0137652
683.597	0.0172968
685.619	0.0164732
687.64	-0.00753979
689.661	-0.0054643
691.681	-0.0178819
693.7	0.0189792
695.719	0.0210554
697.738	-0.0493363
699.755	-0.0182718
701.773	-0.0161951
703.789	0.0235657
705.805	-0.0149388
707.821	0.0132274
709.836	-0.00498572
711.85	0.0376747
713.864	0.0542469
715.877	0.0505281
717.889	0.0613035
719.901	0.0401929
721.913	0.0596644
723.923	0.0762381
725.934	0.075419
727.943	0.00503137
729.952	0.067985
731.961	0.041078
733.969	0.0199692
735.976	0.0162529
737.983	0.0415241
739.989	0.0320107
741.994	0.0253966
743.999	0.108643
746.004	0.0904338
748.007	0.0925168
750.011	0.13808
752.013	0.0358092
754.015	0.0697785
756.017	0.0660643
758.018	0.0623507
760.018	0.0441436
762.018	0.0346329
764.017	-0.000966182
766.016	0.0445992
768.014	0.0321906
770.011	0.0661618
772.008	0.0218676
774.005	0.0355478
776	0.098507
777.996	0.0658081
779.99	0.0620971
781.984	0.0351966
783.978	0.0807639
785.971	0.0451675
787.963	0.00377397
789.955	0.0261524
791.946	0.0717209
793.936	0.00134108
795.926	0.00922659
797.916	0.0432008
799.905	0.0105047
801.893	-0.0163936
803.881	-0.00560849
805.868	0.0515565
807.855	0.0101652
809.841	0.0238499
811.826	0.0172439
813.811	0.00194174
815.796	-0.00466425
817.78	0.0264135
819.763	0.0429982
821.745	-0.00128995
823.728	0.0732692
825.709	0.0840571
827.69	0.054263
829.67	0.0940387
831.65	0.064245
833.63	0.0199576
835.608	0.0104559
837.586	0.0183463
839.564	0.0465278
841.541	0.00224163
843.518	0.0420186
845.494	0.038315
847.469	0.0867888
849.444	0.138161
851.418	0.105471
853.392	0.0785789
855.365	0.048788
857.337	0.076972
859.309	0.0674726
861.281	0.028986
863.252	0.0687652
865.222	0.0389757
867.192	0.0323757
869.161	-0.00900844
871.13	0.0626576
873.098	0.0531598
875.065	0.0349664
877.032	0.0602538
878.999	-0.0014207
880.964	0.0209687
882.93	-0.00302186
884.895	0.0512535
886.859	0.00697275
888.822	0.0148692
890.785	0.0227659
892.748	0.0132702
894.71	0.0588506
896.671	0.034862
898.632	0.00507613
900.593	0.00427731
902.552	0.0411628
904.512	0.0432631
906.47	0.0221746
908.429	0.0155792
910.386	0.014782
912.343	0.0197824
914.3	0.00449157
916.256	0.0181885
918.211	0.0347845
920.166	0.0368871
922.12	0.0100026
924.074	0.0468902
926.027	0.020006
927.98	0.0510965
929.932	0.0329091
931.883	0.0611018
933.834	0.0719019
935.785	0.0450187
937.735	0.0790091
939.684	0.0405319
941.633	0.0281431
943.581	0.0360458
945.529	-0.0256207
947.476	0.0199657
949.423	0.0220714
951.369	0.0154814
953.315	0.00889114
955.26	0.0196939
957.204	0.0218008
959.148	-0.0253705
961.091	-0.0174659
963.034	-0.00666243
964.977	0.0302296
966.918	0.000345356
968.86	-0.00055218
970.8	-0.0117536
972.74	0.0118297
974.68	-0.0167641
976.619	0.00102174
978.558	-0.00148368
980.496	0.0192003
982.433	0.00509966
984.37	-0.0292921
986.306	0.0116826
988.242	0.00917669
990.178	0.0443541
992.112	0.0360502
994.047	0.0480375
995.98	0.0629232
997.913	0.0981001
999.846	0.162264
1001.78	0.252517
1003.71	0.238415
1005.64	0.175034
1007.57	0.12035
1009.5	0.0685644
1011.43	0.0254749
1013.36	0.0316639
1015.29	-0.00272923
1017.22	0.0353455
1019.14	0.0125453
1021.07	-0.0131518
1023	-0.0301526
1024.92	0.0571985
1026.85	0.0228053
1028.77	0.0637769
1030.7	0.0322824
1032.62	0.0471655
1034.54	0.0446562
1036.46	0.0305521
1038.39	0.123703
1040.31	0.0864088
1042.23	0.199848
1044.15	0.281402
1046.07	0.281791
1047.99	0.366244
1049.91	0.32895
1051.83	0.320643
1053.74	0.297841
1055.66	0.23156
1057.58	0.205861
1059.49	0.162767
1061.41	0.139967
1063.32	0.114266
1065.24	0.111757
1067.15	0.132435
1069.07	0.0864449
1070.98	0.0752375
1072.89	0.06403
1074.8	0.0296328
1076.72	0.0908954
1078.63	0.0535993
1080.54	0.0800753
1082.45	0.0340832
1084.36	0.118534
1086.27	0.0812377
1088.17	0.0497371
1090.08	0.0849092
1091.99	0.059208
1093.9	0.0740891
1095.8	0.059981
1097.71	0.0748619
1099.61	0.0897408
1101.52	0.122014
1103.42	0.0644253
1105.33	0.0880024
1107.23	0.0680968
1109.13	0.0510898
1111.03	0.0688675
1112.94	0.0547613
1114.84	0.0957288
1116.74	0.0671271
1118.64	0.0733099
1120.54	0.111379
1122.44	0.103068
1124.33	0.103451
1126.23	0.112533
1128.13	0.130311
1130.03	0.110405
1131.92	0.0904972
1133.82	0.0821863
1135.71	0.0101017
1137.61	0.0162846
1139.5	-0.0210156
1141.4	-0.00323771
1143.29	-0.0434364
1145.18	-0.0285596
1147.08	-0.0136805
1148.97	-0.0219934
1150.86	0.030567
1152.75	-0.0154292
1154.64	0.00524527
1156.53	-0.0314718
1158.42	-0.0251223
1160.31	0.015932
1162.2	0.0337964
1164.08	0.00237998
1165.97	0.0550292
1167.86	-0.00827049
1169.75	0.00379644
1171.63	0.0332534
1173.52	0.0163331
1175.4	-0.000589511
1177.28	0.0143737
1179.17	0.0177446
1181.05	-0.0165705
1182.93	-0.00160718
1184.82	-0.0156288
1186.7	-0.0151592
1188.58	-0.0146895
1190.46	-0.0171186
1192.34	0.0094396
1194.22	-0.0219768
1196.1	0.0277712
1197.98	0.0456331
1199.86	0.00841946
1201.73	0.014684
1203.61	0.0267484
1205.49	0.0880914
1207.36	0.0856597
1209.24	0.048446
1211.11	0.0721029
1212.99	0.0696737
1214.86	0.102027
1216.74	0.0648131
1218.61	0.0160019
1220.48	0.091836
1222.35	0.0662145
1224.23	0.101469
1226.1	0.104835
1227.97	0.111099
1229.84	0.117364
1231.71	0.109135
1233.58	0.121197
1235.45	0.144854
1237.31	0.127926
1239.18	0.139988
1241.05	0.146253
1242.92	0.178606
1244.78	0.155881
1246.65	0.182436
1248.51	0.122028
1250.38	0.139887
1252.24	0.204124
1254.11	0.155313
1255.97	0.147081
1257.83	0.159141
1259.69	0.176998
1261.56	0.174566
1263.42	0.206917
1265.28	0.184192
1267.14	0.12958
1269	0.127146
1270.86	0.139206
1272.72	0.157063
1274.57	0.140132
1276.43	0.117407
1278.29	0.143961
1280.15	0.17921
1282	0.159381
1283.86	0.159846
1285.71	0.166105
1287.57	0.160772
1289.42	0.184424
1291.28	0.208079
1293.13	0.196946
1294.98	0.217699
1296.83	0.200769
1298.69	0.212828
1300.54	0.195898
1302.39	0.260132
1304.24	0.312772
1306.09	0.252361
1307.94	0.273114
1309.79	0.288069
1311.64	0.245051
1313.48	0.260004
1315.33	0.25177
1317.18	0.223245
1319.03	0.255593
1320.87	0.212572
1322.72	0.227527
1324.56	0.219291
1326.41	0.222652
1328.25	0.2492
1330.09	0.232267
1331.94	0.273312
1333.78	0.265075
1335.62	0.280028
1337.46	0.289184
1339.31	0.263558
1341.15	0.321992
1342.99	0.345641
1344.83	0.314215
1346.67	0.30308
1348.5	0.268752
1350.34	0.327186
1352.18	0.330545
1354.02	0.302017
1355.86	0.299578
1357.69	0.291339
1359.53	0.297596
1361.36	0.26037
1363.2	0.21445
1365.03	0.223603
1366.87	0.195076
1368.7	0.163647
1370.53	0.187294
1372.37	0.205146
1374.2	0.170818
1376.03	0.127795
1377.86	0.13115
1379.69	0.140304
1381.52	0.137862
1383.35	0.167306
1385.18	0.10689
1387.01	0.145031
1388.84	0.104906
1390.67	0.140148
1392.49	0.131906
1394.32	0.114971
1396.15	0.0922384
1397.97	0.150667
1399.8	0.142428
1401.62	0.102301
1403.45	0.0998595
1405.27	0.103213
1407.1	0.0949737
1408.92	0.112821
1410.74	0.14806
1412.56	0.0963378
1414.39	0.119985
1416.21	0.120439
1418.03	0.126691
1419.85	0.106855
1421.67	0.113107
1423.49	0.151245
1425.31	0.166193
1427.12	0.123165
1428.94	0.126518
1430.76	0.164656
1432.58	0.196997
1434.39	0.223537
1436.21	0.258777
1438.03	0.314307
1439.84	0.277076
1441.66	0.257239
1443.47	0.315666
1445.28	0.272637
1447.1	0.319472
1448.91	0.311228
1450.72	0.323274
1452.53	0.317929
1454.35	0.274903
1456.16	0.313039
1457.97	0.281605
1459.78	0.218285
1461.59	0.221636
1463.4	0.196
1465.2	0.196449
1467.01	0.249078
1468.82	0.13648
1470.63	0.177515
1472.43	0.154774
1474.24	0.111746
1476.05	0.0484261
1477.85	0.0604705
1479.66	0.0696189
1481.46	0.0613723
1483.27	0.102407
1485.07	0.0883626
1486.87	0.0424327
1488.67	0.0196925
1490.48	0.0433345
1492.28	0.00899942
1494.08	0.0268415
1495.88	-0.0103923
1497.68	0.0219434
1499.48	-0.000796866
1501.28	0.0286401
1503.08	-0.00569501
1504.88	0.0121471
1506.68	0.0270903
1508.47	0.0246386
1510.27	0.00769602
1512.07	0.00814558
1513.86	-0.00590077
1515.66	0.00614369
1517.46	0.0036947
1519.25	-0.0364403
1521.04	0.00748778
1522.84	-0.0123537
1524.63	0.00258698
1526.43	-0.0346467
1528.22	0.00055218
1530.01	0.00924835
1531.8	0.0157477
1533.59	0.0193484
1535.38	0.00265793
1537.17	-0.0227287
1538.96	-0.00463452
1540.75	0.00476368
1542.54	0.0170604
1544.33	-0.00832622
1546.12	0.0271605
1547.91	0.0191662
1549.69	0.0488514
1551.48	0.0408572
1553.27	0.0299642
1555.05	0.0654468
1556.84	0.0690474
1558.62	0.000176039
1560.41	0.0675487
1562.19	0.100133
1563.98	0.0921383
1565.76	0.0580516
1567.54	0.0471549
1569.32	0.114523
1571.11	0.065947
1572.89	0.0782399
1574.67	0.0528493
1576.45	0.120218
1578.23	0.103524
1580.01	0.13031
1581.79	0.0962235
1583.57	0.137504
1585.34	0.141096
1587.12	0.127301
1588.9	0.206264
1590.68	0.137393
1592.45	0.0975048
1594.23	0.118494
1596	0.127884
1597.78	0.125683
1599.55	0.100289
1601.33	0.150265
1603.1	0.153858
1604.88	0.157455
1606.65	0.100174
1608.42	0.150147
1610.19	0.10736
1611.96	0.0790668
1613.74	0.123246
1615.51	0.10075
1617.28	0.0840516
1619.05	0.11953
1620.82	0.128921
1622.58	0.0629402
1624.35	0.124507
1626.12	0.0643283
1627.89	0.0911109
1629.66	0.0715139
1631.42	0.101191
1633.19	0.0757967
1634.95	0.102575
1636.72	0.126459
1638.49	0.11266
1640.25	0.159729
1642.01	0.16042
1643.78	0.190101
1645.54	0.182095
1647.3	0.208874
1649.07	0.267542
1650.83	0.285625
1652.59	0.257327
1654.35	0.263815
1656.11	0.307986
1657.87	0.259398
1659.63	0.320961
1661.39	0.275272
1663.15	0.252772
1664.91	0.195488
1666.67	0.297633
1668.42	0.272231
1670.18	0.220744
1671.94	0.215637
1673.69	0.262703
1675.45	0.234406
1677.2	0.197408
1678.96	0.14882
1680.71	0.14081
1682.47	0.173386
1684.22	0.124794
1685.97	0.142873
1687.73	0.152259
1689.48	0.144249
1691.23	0.0985561
1692.98	0.110837
1694.73	0.137612
1696.49	0.0484416
1698.24	0.0781151
1699.99	0.0730038
1701.73	0.0244079
1703.48	0.0656763
1705.23	0.060565
1706.98	0.0467577
1708.73	0.0416463
1710.47	0.0133415
1712.22	0.0227239
1713.97	0.0205113
1715.71	0.0269912
1717.46	0.00738622
1719.2	0.0109673
1720.95	0.0261472
1722.69	-0.0398412
1724.44	0.0188196
1726.18	0.0108056
1727.92	0.0172855
1729.67	-0.0197116
1731.41	0.00416037
1733.15	-0.00385358
1734.89	0.0490058
1736.63	0.0438906
1738.37	0.0358768
1740.11	0.0220654
1741.85	0.0256466
1743.59	0.0350249
1745.33	-0.0106722
1747.07	0.0218959
1748.81	-0.0064089
1750.54	-0.00283185
1752.28	0.0152429
1754.02	-0.00436595
1755.75	0.0166034
1757.49	-0.00590395
1759.22	0.0150654
1760.96	0.0128491
1762.69	0.00193254
1764.43	0.00800599
1766.16	-0.00855817
1767.89	0.00980053
1769.63	-0.0122851
1771.36	-0.0266407
1773.09	-0.000414179
1774.82	-0.012002
1776.55	0.00249852
1778.29	-0.0235829
1780.02	-0.000386048
1781.75	-0.00617659
1783.47	0.0141215
1785.2	-0.0177575
1786.93	-0.0177504
1788.66	0.01994
1790.39	-0.000344117
1792.12	0.0228527
1793.84	0.0112648
1795.57	0.019968
1797.3	0.0170764
1799.02	0.019982
1800.75	-0.0147956
1802.47	0.0170972
1804.2	-0.0118829
1805.92	-0.0205722
1807.64	0.00262449
1809.37	-0.00896332
1811.09	0.0258283
1812.81	0.0200379
1814.53	-0.0205373
1816.26	-0.0147328
1817.98	0.0258562
1819.7	0.0113697
1821.42	-0.0118132
1823.14	-0.000211247
1824.86	-0.00310307
1826.58	0.0142962
1828.29	-0.0204816
1830.01	0.0143101
1831.73	-0.0204676
1833.45	0.00272923
1835.16	0.0230272
1836.88	0.00274303
1838.6	0.014345
1840.31	0.0172506
1842.03	0.00276391
1843.74	0.00566953
1845.46	0.00567661
1847.17	0.0230758
1848.89	0.0143866
1850.6	-0.0145936
1852.31	-0.00589051
1854.02	-0.00298489
1855.74	-7.9262e-005
1857.45	0.0260161
1859.16	-0.0290525
1860.87	-0.00585583
1862.58	0.00284724
1864.29	0.00865158
1866	0.0173547
1867.71	0.0260577
1869.42	0.00867246
1871.13	-0.00291553
1872.84	-0.0116048
1874.54	-0.0376864
1876.25	0.0173962
1877.96	0.00870696
1879.66	0.0116126
1881.37	0.00292332
1883.07	0.02612
1884.78	-0.0231512
1886.48	0.0145389
1888.19	-0.01734
1889.89	-0.0260292
1891.6	0.00586362
1893.3	-0.0173193
1895	-0.0086162
1896.7	-0.0375965
1898.41	-0.0086024
1900.11	0.0261892
1901.81	0.0290948
1903.51	0.026203
1905.21	-0.0085748
1906.91	-0.020163
1908.61	-0.0201561
1910.31	-0.00275683
1912.01	0.00594624
1913.71	0.0146493
1915.4	-0.0172297
1917.1	-0.00272923
1918.8	0.00597384
1920.5	0.0117782
1922.19	-0.00270871
1923.89	-0.011398
1925.58	0.0552796
1927.28	0.00310944
1928.97	0.00311634
1930.67	0.0147181
1932.36	-0.00266748
1934.06	0.00893431
1935.75	0.00894121
1937.44	-0.00844423
1939.13	0.00605629
1940.83	-0.0113293
1942.52	0.0118674
1944.21	0.0118743
1945.9	0.0176786
1947.59	0.00609043
1949.28	-0.00259884
1950.97	-0.00259194
1952.66	-0.025775
1954.35	-0.0141732
1956.03	0.0438082
1957.72	0.0177264
1959.41	-0.011254
1961.1	0.0148414
1962.78	0.006152
1964.47	0.0206525
1966.16	-0.0112265
1967.84	-0.0170173
1969.53	-0.00251674
1971.21	0.0119836
1972.9	0.0351803
1974.58	0.000402502
1976.26	0.00910539
1977.95	0.012011
1979.63	-0.00827332
1981.31	0.0120246
1983	0.0497148
1984.68	-0.00535407
1986.36	0.032336
1988.04	0.00625444
1989.72	-0.0111312
1991.4	0.0149642
1993.08	0.0265658
1994.76	0.00338296
1996.44	0.000490964
1998.12	0.00339659
1999.79	-0.013989
2001.47	0.000511487
2003.15	0.00921438
2004.83	-0.019766
2006.5	0.0150254
2008.18	0.000538557
2009.86	0.00924163
2011.53	0.00924835
2013.21	0.00904064
2014.88	0.000138001
2016.55	-0.0211192
2018.23	0.00455509
2019.9	0.0107667
2021.58	0.00510727
2023.25	-0.00745381
2024.92	-0.0103525
2026.59	-0.00055218
2028.26	-0.0201531
2029.94	0.0267787
2031.61	-0.0197511
2033.28	0.0206808
2034.95	-0.00845661
2036.62	-0.0115055
2038.29	0.00283786
2039.95	-0.00310891
2041.62	0.0112345
2043.29	-0.0265991
2044.96	-0.00935698
2046.63	0.0542647
2048.29	0.0106347
2049.96	0.0278769
2051.63	0.00743559
2053.29	-0.0188022
2054.96	-0.0160537
2056.62	0.0185816
2058.29	-0.00475837
2059.95	0.0211808
2061.61	-0.0021583
2063.28	-0.00810595
2064.94	-0.00245783
2066.6	-0.00260715
2068.27	0.0494198
2069.93	0.0173846
2071.59	0.0317288
2073.25	0.0199846
2074.91	-0.000455756
2076.57	-0.0122
2078.23	0.0311316
2079.89	0.0454758
2081.55	-0.0039516
2083.21	0.00749397
2084.87	-0.00135152
2086.53	0.0187902
2088.19	0.0186409
2089.84	-0.0133935
2091.5	0.0212419
2093.16	0.00949781
2094.81	-0.00804297
2096.47	0.0149975
2098.12	0.0177478
2099.78	-0.00269261
2101.43	0.0145513
2103.09	0.0375918
2104.74	0.0287473
2106.4	0.00250949
2108.05	-0.00923384
2109.7	0.00221261
2111.36	0.0339492
2113.01	-0.0212748
2114.66	-0.0214232
2116.31	-0.0244704
2117.96	-0.00432774
2119.61	-0.00447618
2121.26	-0.00172572
2122.91	-0.0163678
2124.56	-0.0310098
2126.21	-0.00796848
2127.86	0.000579249
2129.51	0.0120259
2131.16	0.00318127
2132.8	-0.00566245
2134.45	-0.00291217
2136.1	-0.0117566
2137.74	-0.00900543
2139.39	0.0111372
2141.04	-0.0179985
2142.68	0.0282337
2144.33	-0.00380068
2145.97	0.0221403
2147.62	0.00749822
2149.26	-0.0100415
2150.9	-0.0246827
2152.55	-0.00454005
2154.19	0.0358945
2155.83	0.0154561
2157.47	0.0153085
2159.12	0.000666473
2160.76	0.00921509
2162.4	-0.0112234
2164.04	0.0147176
2165.68	0.0116713
2167.32	-0.00296967
2168.96	-0.0234083
2170.6	-0.00326478
2172.24	0.0226762
2173.88	0.0225288
2175.51	-0.0124026
2177.15	0.0135384
2178.79	-0.0126975
2180.43	-0.00125015
2182.06	-0.0187892
2183.7	-0.00444292
2185.33	0.0214989
2186.97	0.00184461
