279.782	0.0223054
281.925	-0.000208224
284.068	0.0101423
286.21	0.0189079
288.352	-0.0154854
290.493	0.000802251
292.633	-0.0145876
294.773	-0.0133474
296.911	-0.0101296
299.05	-0.0191854
301.187	-0.0131971
303.324	-0.0198794
305.46	-0.0146842
307.596	-0.0154282
309.731	0.00362424
311.865	-0.00583311
313.999	-0.0240014
316.132	-0.00851479
318.264	-0.0112432
320.396	-0.0111999
322.527	-0.0103658
324.657	-0.00913695
326.787	-0.00553238
328.916	-0.00905608
331.044	-0.0109971
333.172	-0.0101665
335.299	-0.0125045
337.425	-0.0243467
339.551	-0.0179749
341.676	-0.0171477
343.8	-0.00998632
345.924	-0.0150995
348.047	-0.00318783
350.17	0.000408859
352.292	-0.0142095
354.413	-0.020118
356.533	-0.00702189
358.653	-0.00778412
360.772	-0.0077556
362.891	-0.0207935
365.009	-0.00809559
367.126	-0.00450576
369.243	-0.0266529
371.359	-0.00287052
373.474	0.00348871
375.589	-0.00915783
377.703	-0.00755115
379.816	0.00395325
381.929	-0.00552793
384.041	-0.0066952
386.152	-0.00122387
388.263	0.000611911
390.373	0.0107987
392.483	-0.00853098
394.592	-0.0061193
396.7	0.00577269
398.807	0.000638494
400.914	-0.00885119
403.021	0.00739609
405.126	0.00938867
407.231	0.0145488
409.336	0.0272321
411.439	0.00467522
413.543	0.0185462
415.645	0.0110353
417.747	0.0106516
419.848	0.0102677
421.948	0.014635
424.048	0.012667
426.148	0.0150546
428.246	0.00477126
430.344	-0.00511612
432.442	-0.00114518
434.538	0.0115364
436.634	0.00560817
438.73	-0.009427
440.825	0.00602601
442.919	0.00762051
445.012	0.000899789
447.105	-0.0078007
449.197	0.00685983
451.289	0.00370249
453.38	0.00608832
455.47	0.0207485
457.56	0.00887976
459.649	0.00690966
461.738	0.000980072
463.826	0.0128682
465.913	-0.00573234
467.999	0.0136785
470.085	-0.0100696
472.171	0.00102623
474.255	0.00539042
476.34	-0.00568734
478.423	-0.0029522
480.506	0.00532633
482.588	-0.00183738
484.67	-0.00226982
486.75	-0.00349417
488.831	0.024582
490.91	0.0134589
492.99	0.00867096
495.068	0.0106143
497.146	0.0212686
499.223	0.00499809
501.3	0.0128808
503.375	0.00848888
505.451	-0.00223826
507.526	0.00604037
509.6	0.0115473
511.673	0.0146786
513.746	0.00434747
515.818	0.0114383
517.89	0.0209049
519.961	0.0105737
522.031	0.0275634
524.101	0.0219838
526.17	0.0243233
528.238	0.015972
530.306	0.0266264
532.374	0.0127318
534.44	0.0221984
536.506	0.0225582
538.572	0.0126231
540.636	0.0216939
542.701	0.0224495
544.764	0.0200377
546.827	0.0223772
548.889	0.0235289
550.951	0.00607077
553.012	0.00682657
555.073	0.0143135
557.133	0.00992189
559.192	0.0158251
561.251	0.0193526
563.309	0.0177327
565.366	0.0279914
567.423	0.0176605
569.479	0.0160407
571.535	0.0116491
573.59	0.00804952
575.644	0.00682565
577.698	0.0131249
579.751	0.0103172
581.804	0.00355
583.856	0.000742316
585.907	0.00426994
587.958	0.000274441
590.008	-0.00688863
592.057	0.00653782
594.106	0.00848168
596.155	-0.00660051
598.202	0.00999367
600.249	-0.00390062
602.296	-0.00868797
604.342	-0.0134753
606.387	-0.0190545
608.432	-0.013943
610.476	-0.0127909
612.519	-0.0247053
614.562	-0.0172181
616.605	-0.0109186
618.646	-0.00303534
620.687	0.0175184
622.728	0.00995955
624.768	0.00200471
626.807	-0.0110975
628.846	-0.0103414
630.884	-0.00760543
632.921	-0.0143724
634.958	-0.0144081
636.994	-0.00256519
639.03	-0.00616449
641.065	-0.00105277
643.1	0.0392988
645.133	0.00521115
647.167	-0.00630717
649.199	-0.00594684
651.232	-0.00637842
653.263	-0.0016626
655.294	-0.011993
657.324	-0.00173384
659.354	-0.0116683
661.383	-0.00536857
663.412	-0.00421629
665.44	0.00683484
667.467	0.0052155
669.494	0.00636779
671.52	0.00158082
673.546	0.00590078
675.57	-0.00165781
677.595	0.00741359
679.619	-0.00093691
681.642	-0.00611978
683.665	0.00057595
685.687	-0.00431948
687.708	-0.0105828
689.729	-0.000971904
691.749	-0.0003946
693.769	0.00295438
695.788	-3.18039e-005
697.806	0.0116324
699.824	0.0157735
701.842	0.0100158
703.858	0.0137611
705.875	0.0182983
707.89	0.0224396
709.905	0.0246013
711.92	0.0291386
713.933	0.0554536
715.947	0.0540518
717.959	0.0574017
719.971	0.047685
721.983	0.0549944
723.994	0.0595321
726.004	0.0458562
728.014	0.0183218
730.023	0.0220679
732.032	0.0273978
734.04	0.0303521
736.047	0.0170725
738.054	0.0323014
740.06	0.017438
742.066	0.0235601
744.071	0.0407691
746.075	0.0369926
748.079	0.0427189
750.083	0.0310234
752.086	0.0462528
754.088	0.0393089
756.089	0.0608737
758.091	0.0618489
760.091	0.0655959
762.091	0.0487534
764.09	0.0501249
766.089	0.0439732
768.087	0.0457407
770.085	0.0510717
772.082	0.056007
774.078	0.0744047
776.074	0.071421
778.069	0.0858593
780.064	0.0907947
782.058	0.0783083
784.052	0.0784924
786.045	0.0802605
788.038	0.0566875
790.029	0.064395
792.021	0.0471574
794.011	0.0477379
796.002	0.0431708
797.991	0.0310809
799.98	0.0451239
801.969	0.0457045
803.957	0.0490569
805.944	0.0532013
807.931	0.0450711
809.917	0.0551549
811.903	0.0565277
813.888	0.071363
815.872	0.0660048
817.856	0.0705455
819.839	0.0794417
821.822	0.0934854
823.804	0.0758529
825.786	0.0990036
827.767	0.0980012
829.748	0.0973948
831.728	0.0936208
833.707	0.0953903
835.686	0.0670674
837.664	0.0795277
839.642	0.0880286
841.619	0.0798995
843.596	0.0891923
845.572	0.0929419
847.547	0.100255
849.522	0.107964
851.497	0.121217
853.47	0.128926
855.444	0.127529
857.416	0.10079
859.388	0.118399
861.36	0.103143
863.331	0.0985783
865.302	0.100349
867.271	0.0973677
869.241	0.110621
871.21	0.09101
873.178	0.0805061
875.145	0.106034
877.113	0.097114
879.079	0.098093
881.045	0.0895691
883.011	0.0893602
884.975	0.0950909
886.94	0.087359
888.904	0.0946734
890.867	0.0920892
892.829	0.0930686
894.792	0.0857329
896.753	0.0720621
898.714	0.10155
900.675	0.0878795
902.635	0.0916308
904.594	0.0795441
906.553	0.0860672
908.511	0.0803158
910.469	0.0927783
912.426	0.0901946
914.382	0.0737527
916.339	0.0782962
918.294	0.091551
920.249	0.0941149
922.203	0.097075
924.157	0.109538
926.111	0.103391
928.063	0.0917009
930.016	0.110103
931.967	0.0980173
933.918	0.104145
935.869	0.100374
937.819	0.101751
939.769	0.109859
941.718	0.0953976
943.666	0.107465
945.614	0.0989432
947.561	0.0943808
949.508	0.0799197
951.454	0.0840684
953.4	0.0989079
955.345	0.0848429
957.29	0.0909715
959.234	0.0951204
961.177	0.105605
963.12	0.0883723
965.063	0.0976688
967.004	0.0816244
968.946	0.0889412
970.887	0.0863593
972.827	0.0750664
974.767	0.0831754
976.706	0.0893046
978.645	0.0883067
980.583	0.0805777
982.52	0.062554
984.457	0.0698713
986.394	0.0716453
988.33	0.0611448
990.265	0.0728178
992.2	0.0650892
994.134	0.0783461
996.068	0.0971464
998.002	0.1009
999.934	0.139499
1001.87	0.258079
1003.8	0.27292
1005.73	0.216886
1007.66	0.131947
1009.59	0.0953138
1011.52	0.0863978
1013.45	0.0834211
1015.38	0.0780686
1017.31	0.0762798
1019.23	0.0582579
1021.16	0.0596366
1023.09	0.0689345
1025.01	0.0687305
1026.94	0.0847595
1028.86	0.088911
1030.79	0.106524
1032.71	0.0952332
1034.63	0.088298
1036.56	0.0722548
1038.48	0.0803659
1040.4	0.0825376
1042.32	0.0625359
1044.24	0.0694591
1046.16	0.061732
1048.08	0.0706349
1050	0.0652836
1051.92	0.0603281
1053.84	0.070023
1055.75	0.0690282
1057.67	0.069616
1059.59	0.0630768
1061.5	0.0557467
1063.42	0.0864271
1065.33	0.0798889
1067.25	0.0816647
1069.16	0.0790861
1071.07	0.097097
1072.99	0.088974
1074.9	0.097086
1076.81	0.10797
1078.72	0.107767
1080.63	0.0968732
1082.54	0.101422
1084.45	0.099635
1086.36	0.0954726
1088.27	0.103981
1090.18	0.0998181
1092.08	0.0924891
1093.99	0.0994134
1095.9	0.0960428
1097.8	0.0934652
1099.71	0.087323
1101.61	0.0962281
1103.52	0.103548
1105.42	0.0863204
1107.32	0.0793873
1109.23	0.082352
1111.13	0.0595808
1113.03	0.0581911
1114.93	0.0548216
1116.83	0.0558076
1118.73	0.0670884
1120.63	0.0593634
1122.53	0.0738118
1124.43	0.0668788
1126.33	0.0674688
1128.23	0.083501
1130.12	0.0468725
1132.02	0.0280608
1133.92	0.0238995
1135.81	0.00667263
1137.71	-0.00263615
1139.6	-0.00204502
1141.5	-0.001455
1143.39	-0.00838699
1145.28	-0.00194376
1147.17	-0.0039677
1149.07	0.00866047
1150.96	-0.00563808
1152.85	0.00184086
1154.74	0.00773598
1156.63	0.023134
1158.52	0.0104193
1160.41	0.011167
1162.3	0.0103309
1164.18	0.00790916
1166.07	0.0189516
1167.96	0.0252427
1169.84	0.0287602
1171.73	0.0243606
1173.62	0.036195
1175.5	0.0195189
1177.38	0.026204
1179.27	0.0396223
1181.15	0.0356167
1183.03	0.0252758
1184.92	0.0165207
1186.8	0.029937
1188.68	0.0223679
1190.56	0.0369721
1192.44	0.0297989
1194.32	0.0317326
1196.2	0.0514842
1198.08	0.0526261
1199.96	0.0818805
1201.83	0.0794569
1203.71	0.0829744
1205.59	0.111437
1207.47	0.0995124
1209.34	0.120054
1211.22	0.123572
1213.09	0.0977867
1214.97	0.1017
1216.84	0.101652
1218.71	0.119026
1220.59	0.133235
1222.46	0.1221
1224.33	0.127991
1226.2	0.135863
1228.07	0.12552
1229.94	0.146457
1231.81	0.143242
1233.68	0.156656
1235.55	0.169279
1237.42	0.141514
1239.29	0.167599
1241.15	0.160818
1243.02	0.171857
1244.89	0.172997
1246.75	0.152754
1248.62	0.163001
1250.48	0.151072
1252.35	0.160527
1254.21	0.157706
1256.07	0.160824
1257.94	0.162755
1259.8	0.169437
1261.66	0.165428
1263.52	0.163794
1265.38	0.166516
1267.24	0.161319
1269.1	0.14939
1270.96	0.179433
1272.82	0.17186
1274.68	0.153201
1276.54	0.154339
1278.39	0.15983
1280.25	0.165324
1282.11	0.157355
1283.96	0.162847
1285.82	0.175468
1287.67	0.163933
1289.53	0.169427
1291.38	0.172939
1293.24	0.184372
1295.09	0.187092
1296.94	0.196147
1298.79	0.195303
1300.65	0.210696
1302.5	0.21104
1304.35	0.210197
1306.2	0.195495
1308.05	0.195839
1309.9	0.196183
1311.74	0.213948
1313.59	0.2135
1315.44	0.207509
1317.29	0.193599
1319.13	0.197901
1320.98	0.212896
1322.83	0.187503
1324.67	0.188242
1326.52	0.169976
1328.36	0.181405
1330.2	0.191251
1332.05	0.184864
1333.89	0.179267
1335.73	0.187132
1337.57	0.168469
1339.42	0.175149
1341.26	0.1648
1343.1	0.148117
1344.94	0.141728
1346.78	0.130984
1348.62	0.125783
1350.45	0.118996
1352.29	0.108648
1354.13	0.11295
1355.97	0.114876
1357.8	0.0973991
1359.64	0.104473
1361.47	0.111149
1363.31	0.0992165
1365.14	0.0785716
1366.98	0.0864372
1368.81	0.0903414
1370.65	0.0879121
1372.48	0.0672671
1374.31	0.0711714
1376.14	0.0723039
1377.97	0.0564104
1379.8	0.0809041
1381.63	0.0566956
1383.46	0.076042
1385.29	0.0827178
1387.12	0.0553417
1388.95	0.058058
1390.78	0.0750287
1392.61	0.068638
1394.43	0.0606618
1396.26	0.046748
1398.09	0.0641146
1399.91	0.0597019
1401.74	0.0596465
1403.56	0.0639448
1405.39	0.0615137
1407.21	0.0527455
1409.03	0.055064
1410.86	0.0633237
1412.68	0.0573272
1414.5	0.0845907
1416.32	0.0932445
1418.14	0.0809128
1419.96	0.0808555
1421.78	0.0807983
1423.6	0.0957873
1425.42	0.088207
1427.24	0.0980486
1429.06	0.126104
1430.88	0.138321
1432.69	0.146973
1434.51	0.184136
1436.33	0.216547
1438.14	0.238265
1439.96	0.244147
1441.77	0.24884
1443.59	0.26858
1445.4	0.268521
1447.21	0.273609
1449.03	0.288202
1450.84	0.273097
1452.65	0.26789
1454.46	0.256349
1456.27	0.2357
1458.08	0.22495
1459.89	0.216972
1461.7	0.205826
1463.51	0.210123
1465.32	0.179971
1467.13	0.176744
1468.94	0.162035
1470.75	0.141386
1472.55	0.135386
1474.36	0.139287
1476.16	0.10359
1477.97	0.107094
1479.78	0.0971365
1481.58	0.100243
1483.38	0.102954
1485.19	0.0696348
1486.99	0.0699698
1488.79	0.0532788
1490.6	0.0393613
1492.4	0.0468235
1494.2	0.0368637
1496	0.0340311
1497.8	0.0220916
1499.6	0.0117358
1501.4	0.011279
1503.2	0.011218
1505	0.00442586
1506.8	0.0087204
1508.59	0.00826166
1510.39	0.000677597
1512.19	-0.000571213
1513.98	-0.00815712
1515.78	-0.00505044
1517.58	0.00320364
1519.37	-0.00424751
1521.17	0.0032396
1522.96	0.00233971
1524.75	0.00236663
1526.55	-0.00393933
1528.34	0.0107378
1530.13	-0.00428149
1531.92	0.00841595
1533.72	0.0040897
1535.51	0.0144114
1537.3	0.0108747
1539.09	0.0152571
1540.88	0.0117205
1542.67	0.014915
1544.45	0.0208788
1546.24	0.0236774
1548.03	0.0296436
1549.82	0.0411532
1551.6	0.0332586
1553.39	0.0324937
1555.18	0.0400437
1556.96	0.0357127
1558.75	0.032968
1560.53	0.0516023
1562.32	0.0559847
1564.1	0.0453185
1565.88	0.0595974
1567.67	0.0580405
1569.45	0.0675679
1571.23	0.0675924
1573.01	0.0743482
1574.79	0.0624941
1576.57	0.0771689
1578.35	0.064523
1580.13	0.0756342
1581.91	0.0800143
1583.69	0.0701399
1585.47	0.0689766
1587.25	0.0610821
1589.02	0.0658557
1590.8	0.0694439
1592.58	0.0587776
1594.35	0.0671148
1596.13	0.0651596
1597.91	0.0719154
1599.68	0.0778769
1601.45	0.0913615
1603.23	0.0989091
1605	0.0981394
1606.77	0.0985575
1608.55	0.0918509
1610.32	0.0970205
1612.09	0.0911033
1613.86	0.0895417
1615.63	0.108174
1617.4	0.0959213
1619.17	0.100299
1620.94	0.0959657
1622.71	0.0809416
1624.48	0.100366
1626.25	0.0960322
1628.02	0.101202
1629.78	0.105973
1631.55	0.106787
1633.32	0.108789
1635.08	0.107225
1636.85	0.126253
1638.61	0.133796
1640.38	0.152824
1642.14	0.167494
1643.91	0.182562
1645.67	0.203568
1647.43	0.218238
1649.19	0.232512
1650.96	0.259063
1652.72	0.281256
1654.48	0.300678
1656.24	0.326435
1658	0.311804
1659.76	0.300737
1661.52	0.28967
1663.28	0.291274
1665.04	0.29169
1666.8	0.274288
1668.55	0.254112
1670.31	0.248192
1672.07	0.241481
1673.82	0.223284
1675.58	0.221324
1677.34	0.183333
1679.09	0.192457
1680.84	0.186931
1682.6	0.160818
1684.35	0.169546
1686.11	0.167191
1687.86	0.154537
1689.61	0.143468
1691.36	0.133587
1693.12	0.135586
1694.87	0.121746
1696.62	0.11622
1698.37	0.0976272
1700.12	0.0913095
1701.87	0.0976622
1703.62	0.0707548
1705.36	0.0628508
1707.11	0.065244
1708.86	0.0502152
1710.61	0.039146
1712.35	0.0439125
1714.1	0.0379907
1715.85	0.0395919
1717.59	0.0336677
1719.34	0.0222025
1721.08	0.0317205
1722.83	0.023027
1724.57	0.0210623
1726.31	0.016326
1728.06	0.0258463
1729.8	0.0195261
1731.54	0.0270644
1733.28	0.030643
1735.03	0.0195738
1736.77	0.0286958
1738.51	0.0188121
1740.25	0.0255584
1741.99	0.0251775
1743.73	0.0121261
1745.47	0.0161008
1747.2	0.0180933
1748.94	0.012565
1750.68	0.0145599
1752.42	0.0110114
1754.15	0.0137958
1755.89	0.0138109
1757.62	-0.00518215
1759.36	0.0078994
1761.1	0.00039141
1762.83	0.00159198
1764.56	-0.00275075
1766.3	0.00399554
1768.03	-0.000863877
1769.76	0.00586733
1771.5	-0.00889097
1773.23	-0.000143987
1774.96	-0.00320364
1776.69	0.000467923
1778.42	0.00838704
1780.15	-0.0019078
1781.88	-0.00241173
1783.61	0.00223173
1785.34	0.00417549
1787.07	0.000431962
1788.8	-0.000503932
1790.53	-0.00583132
1792.25	-0.0109067
1793.98	0.00359959
1795.71	0.00493144
1797.43	0.00752312
1799.16	-0.00295167
1800.88	0.00225605
1802.61	-0.00520641
1804.33	-0.00197851
1806.06	0.00204168
1807.78	0.000518191
1809.51	0.00493434
1811.23	0.00143103
1812.95	-0.00167628
1814.67	-0.00319977
1816.39	0.00438362
1818.12	0.000484743
1819.84	0.0045046
1821.56	-0.00572987
1823.28	-0.00250197
1825	-0.000857835
1826.72	-0.00158942
1828.43	0.000450281
1830.15	0.00130251
1831.87	0.000174921
1833.59	-0.00412025
1835.31	-0.000496344
1837.02	-0.00122832
1838.74	-0.00275181
1840.45	0.00285147
1842.17	0.00172393
1843.88	0.000596009
1845.6	-0.000135577
1847.31	-0.00601495
1849.03	-0.00516272
1850.74	-0.0015392
1852.45	0.00287627
1854.17	-0.00300276
1855.88	-0.0136335
1857.59	-0.00565452
1859.3	-0.00321881
1861.01	-0.0146415
1862.72	0.00323631
1864.43	0.0100275
1866.14	0.0001886
1867.85	0.00104049
1869.56	0.012979
1871.27	-0.000423407
1872.98	-0.00432301
1874.69	0.00246814
1876.39	-0.00539129
1878.1	-0.00889494
1879.81	-0.00249975
1881.51	0.00151943
1883.22	0.00593486
1884.92	-0.00113271
1886.63	0.0024908
1888.33	0.00492617
1890.04	0.00379824
1891.74	-0.00524909
1893.44	-0.00954498
1895.15	0.000413837
1896.85	-0.00111038
1898.55	0.00409661
1900.25	-0.000595235
1901.95	0.0042158
1903.66	0.0129868
1905.36	-0.00318774
1907.06	0.00439498
1908.76	-0.00504831
1910.45	0.00095025
1912.15	-0.00532541
1913.85	-0.00486986
1915.55	0.00310885
1917.25	-0.0023749
1918.94	-0.00310755
1920.64	0.0032873
1922.34	0.00651453
1924.03	-0.000949331
1925.73	0.00623743
1927.42	-0.00558192
1929.12	0.00398056
1930.81	-0.00427521
1932.51	0.0100387
1934.2	-0.00296849
1935.9	-0.00568057
1937.59	0.00388157
1939.28	0.00433678
1940.97	0.00716772
1942.66	0.00287148
1944.36	0.00174322
1946.05	-0.00374087
1947.74	-0.00486947
1949.43	0.00112909
1951.12	-0.0035631
1952.81	0.000455695
1954.49	0.00724578
1956.18	0.00770099
1957.87	0.00340476
1959.56	0.00861141
1961.25	0.00312732
1962.93	-0.00908837
1964.62	0.00166163
1966.31	-0.0026346
1967.99	-0.000199958
1969.68	-0.00132856
1971.36	-0.00522923
1973.05	-0.00398211
1974.73	-0.000359606
1976.41	-0.00228045
1978.1	-0.0101403
1979.78	-0.00176637
1981.46	-0.0072508
1983.15	0.00151943
1984.83	0.00514189
1986.51	-0.00311422
1988.19	0.00169614
1989.87	0.000567153
1991.55	-0.000957742
1993.23	0.00662429
1994.91	0.000347909
1996.59	-0.000385078
1998.27	0.00244552
1999.95	0.0127992
2001.62	0.00850227
2003.3	-0.00410937
2004.98	0.0014929
2006.65	-0.00993122
2008.33	-0.000369418
2010.01	0.00444094
2011.68	-0.00381555
2013.36	0.00187179
2015.03	-0.00104387
2016.71	0.00748643
2018.38	-0.000612297
2020.05	0.000791907
2021.73	-0.00196169
2023.4	0.00241173
2025.07	-7.19696e-005
2026.74	0.00374358
2028.42	-0.00539936
2030.09	-0.000611911
2031.76	-0.00377954
2033.43	-0.000935895
2035.1	-0.000518287
2036.77	0.00346285
2038.44	-7.90747e-005
2040.11	0.00627779
2041.78	0.00115204
2043.44	0.005925
2045.11	0.00317493
2046.78	0.00636421
2048.45	5.06059e-005
2050.11	0.00284374
2051.78	0.00722088
2053.45	-0.00186439
2055.11	0.00330451
2056.78	-0.00300914
2058.44	-0.00219572
2060.11	0.00583132
2061.77	-0.00874699
2063.43	0.0110867
2065.1	-0.00237572
2066.76	-0.00921491
2068.42	-0.00214096
2070.08	0.00255731
2071.75	0.00250381
2073.41	0.00363845
2075.07	-0.00156216
2076.73	0.00947137
2078.39	0.00823029
2080.05	0.00421759
2081.71	0.00376842
2083.37	0.00331925
2085.03	0.00603776
2086.68	0.00162939
2088.34	0.00157618
2090	0.00310682
2091.66	-0.00248974
2093.31	-0.0116495
2094.97	0.00136375
2096.63	-0.0018571
2098.28	0.00402933
2099.94	0.00635188
2101.59	0.00550705
2103.25	-0.00206923
2104.9	0.0133201
2106.55	0.0081198
2108.21	-0.00856346
2109.86	0.00286631
2111.51	0.00479325
2113.16	0.00513633
2114.82	0.00151953
2116.47	0.00780191
2118.12	0.0140843
2119.77	0.00413257
2121.42	0.0139785
2123.07	0.00679849
2124.72	-0.00354918
2126.37	-0.00281015
2128.02	0.0161427
2129.67	0.000647678
2131.32	0.00257457
2132.96	0.00331394
2134.61	0.00365701
2136.26	-0.00708661
2137.9	-0.0015958
2139.55	0.0019149
2141.2	0.000674165
2142.84	0.00339325
2144.49	0.000172795
2146.13	0.00407974
2147.78	0.00402686
2149.42	-0.00236093
2151.06	0.00471369
2152.71	-0.00444612
2154.35	-0.00925015
2155.99	-0.00177957
2157.63	0.00965055
2159.28	0.00484623
2160.92	0.000438149
2162.56	-0.0122849
2164.2	-0.00085479
2165.84	-0.00130333
2167.48	-0.00610731
2169.12	-0.0057639
2170.76	0.0123974
2172.4	-0.00309735
2174.04	0.0071449
2175.67	-0.00478595
2177.31	0.000308904
2178.95	-0.00172345
2180.59	-0.000984084
2182.22	0.000151528
2183.86	0.00485043
2185.5	0.00214947
2187.13	-0.000725931
