279.782	0.0137426
281.925	0.0119663
284.068	0.0152905
286.21	-0.00518801
288.352	-0.000589964
290.493	0.00188186
292.633	-0.00882337
294.773	-0.00337755
296.911	-0.0085597
299.05	-0.0188411
301.187	-0.00999847
303.324	-0.00965646
305.46	-0.016116
307.596	-0.0106748
309.731	0.00284076
311.865	0.000629136
313.999	0.00436795
316.132	-0.00719543
318.264	0.0126921
320.396	0.00707802
322.527	-0.00108742
324.657	0.0085971
326.787	-0.00254472
328.916	-0.003912
331.044	-0.00910572
333.172	0.00780199
335.299	-0.00801855
337.425	-0.0106644
339.551	-0.00353465
341.676	-0.0146822
343.8	-0.00712974
345.924	-0.0140281
348.047	-0.0137023
350.17	-0.00275075
352.292	-0.0143268
354.413	-0.00507766
356.533	-0.0119807
358.653	-0.0108083
360.772	-0.0130372
362.891	-0.0165412
365.009	-0.00602043
367.126	-0.00910167
369.243	-0.00920777
371.359	-0.00888999
373.474	0.000777211
375.589	-0.000606256
377.703	-0.00284092
379.816	-0.0101771
381.929	-0.00348738
384.041	-0.00997466
386.152	-0.00243716
388.263	0.00595038
390.373	0.00869376
392.483	-0.00479121
394.592	-0.0069799
396.7	0.00273196
398.807	-0.0109328
400.914	0.00387921
403.021	0.0093407
405.126	0.0075763
407.231	0.00198671
409.336	0.0133982
411.439	0.0146087
413.543	0.0234698
415.645	0.023405
417.747	0.0101644
419.848	0.00287402
421.948	0.00493404
424.048	0.00529396
426.148	0.00565387
428.246	0.0123888
430.344	0.0152986
432.442	0.0203335
434.538	0.0138923
436.634	-0.00189955
438.73	0.00185986
440.825	-0.00415647
442.919	-0.010173
445.012	-0.00258882
447.105	0.00212514
449.197	-0.00328431
451.289	0.011669
453.38	-0.00401846
455.47	-0.0017205
457.56	0.00737795
459.649	-0.000524643
461.738	-0.00162675
463.826	-0.00782908
465.913	-0.00383059
467.999	0.00654336
470.085	-0.00985937
472.171	-0.00246056
474.255	-0.00441215
476.34	0.00766206
478.423	-0.00534008
480.506	-0.0149421
482.588	-0.000742345
484.67	-0.00184362
486.75	-0.00591983
488.831	0.00657988
490.91	0.0199299
492.99	0.0243543
495.068	0.0228284
497.146	0.0183274
499.223	0.0333778
501.3	0.0237766
503.375	0.0129005
505.451	0.0181754
507.526	0.0115496
509.6	0.0100243
511.673	0.00424872
513.746	0.010799
515.818	0.0275502
517.89	0.0179495
519.961	0.00877403
522.031	0.0144746
524.101	0.0244255
526.17	0.0322514
528.238	0.0252015
530.306	0.0296272
532.374	0.0238523
534.44	0.0129773
536.506	0.0203785
538.572	0.0175791
540.636	0.0135048
542.701	0.0226063
544.764	0.0300078
546.827	0.0225334
548.889	0.00783369
550.951	0.0131102
553.012	0.019662
555.073	0.0113378
557.133	0.0153395
559.192	0.00829063
561.251	0.0139925
563.309	0.0145943
565.366	0.0275219
567.423	0.0123978
569.479	0.01725
571.535	0.0114766
573.59	0.0265296
575.644	0.00333028
577.698	0.0149832
579.751	0.00240967
581.804	0.0106625
583.856	0.00318942
585.907	-3.32053e-005
587.958	-0.00835621
590.008	-0.00307823
592.057	0.00560012
594.106	0.0185288
596.155	0.0157313
598.202	0.010384
600.249	-0.0068641
602.296	-0.0126365
604.342	-0.0162836
606.387	-0.0178054
608.432	-0.0214524
610.476	-0.022124
612.519	-0.00281928
614.562	-0.0149666
616.605	-0.00416233
618.646	-0.0010084
620.687	0.0017205
622.728	0.0257008
624.768	-0.00132209
626.807	-0.0121938
628.846	-0.014565
630.884	-0.016936
632.921	-0.0176068
634.958	-0.0140274
636.994	-0.00407237
639.03	-0.00516809
641.065	0.00733717
643.1	0.0172923
645.133	0.0378733
647.167	0.0168016
649.199	0.00550564
651.232	-0.00494032
653.263	-0.0115608
655.294	-0.0169062
657.324	-0.000150046
659.354	-0.000394987
661.383	-0.00106485
663.412	0.0182416
665.44	0.00907132
667.467	0.0181773
669.494	0.0166577
671.52	0.0181133
673.546	0.0161687
675.57	0.0184747
677.595	0.00250435
679.619	0.000560028
681.642	-0.00223425
683.665	0.000496834
685.687	-0.00102226
687.708	-0.00934163
689.729	-0.00236001
691.749	-0.00557895
693.769	-0.00539762
695.788	-0.0132918
697.806	0.00645267
699.824	0.00783141
701.842	0.0168606
703.858	-0.000885336
705.875	-0.0131067
707.89	0.00485036
709.905	0.0219575
711.92	0.0258887
713.933	0.0315217
715.947	0.0282282
717.959	0.0483128
719.971	0.0441709
721.983	0.0519298
723.994	0.068615
726.004	0.0746753
728.014	0.0454584
730.023	0.0476942
732.032	0.0439798
734.04	0.0292153
736.047	0.019977
738.054	0.0166891
740.06	-0.000623896
742.066	0.0177654
744.071	0.0144791
746.075	0.0247944
748.079	0.0406352
750.083	0.0262989
752.086	0.0281145
754.088	0.0452319
756.089	0.0406737
758.091	0.0594911
760.091	0.0587589
762.091	0.030825
764.09	0.0126674
766.089	0.0238368
768.087	0.0316067
770.085	0.0410767
772.082	0.0437472
774.078	0.0651195
776.074	0.0983927
778.069	0.110415
780.064	0.127963
782.058	0.137436
784.052	0.124808
786.045	0.10538
788.038	0.0829773
790.029	0.0554755
792.021	0.045399
794.011	0.034049
796.002	0.0256734
797.991	0.0483264
799.98	0.0255015
801.969	0.0341286
803.957	0.01853
805.944	0.0356592
807.931	0.0255867
809.917	0.0214653
811.903	0.0186191
813.888	0.00344785
815.872	0.0163292
817.856	0.0147595
819.839	0.0284918
821.822	0.012897
823.804	0.041506
825.786	0.0577891
827.767	0.0438961
829.748	0.028303
831.728	0.0275866
833.707	0.0166704
835.686	0.00532908
837.664	-0.00346123
839.642	-0.00162592
841.619	-0.00191485
843.596	-0.00815423
845.572	-0.00674228
847.547	0.00274597
849.522	0.0271102
851.497	0.0518994
853.47	0.0346125
855.444	0.0373011
857.416	0.0246902
859.388	0.0312056
861.36	0.00371889
863.331	0.00810997
865.302	0.00570062
867.271	0.00371785
869.241	-0.00889144
871.21	0.000601586
873.178	-0.00860582
875.145	0.00428893
877.113	0.0219469
879.079	-0.0110894
881.045	0.00311232
883.011	0.000737935
884.975	6.43352e-005
886.94	0.000240427
888.904	0.00509218
890.867	0.00569403
892.829	-0.00220436
894.792	0.0128484
896.753	0.014301
898.714	-0.00252261
900.675	0.00998067
902.635	0.00208296
904.594	0.016287
906.553	-0.0115866
908.511	-0.00418262
910.469	-0.00145392
912.426	0.00382525
914.382	-0.00589222
916.339	-0.00200923
918.294	0.012431
920.249	-0.00670591
922.203	8.38433e-005
924.157	0.0115488
926.111	0.0149384
928.063	0.0149277
930.016	0.030218
931.967	0.0255321
933.918	0.0148957
935.869	0.0318861
937.819	0.0276251
939.769	0.020389
941.718	0.0191033
943.666	0.0105921
945.614	0.00505602
947.561	0.00249522
949.508	0.00800994
951.454	0.0135246
953.4	0.0181893
955.345	0.0203038
957.29	0.0147678
959.234	0.00413146
961.177	0.0283474
963.12	0.00496024
965.063	0.0177004
967.004	0.00366389
968.946	0.0074785
970.887	0.00151753
972.827	-0.000193213
974.767	-0.00343887
976.706	-0.00819143
978.645	-0.00305245
980.583	-0.000342896
982.52	-0.0150598
984.457	0.000825307
986.394	0.0167104
988.33	0.0113438
990.265	0.0293534
992.2	0.0278118
994.134	0.0275449
996.068	0.0302533
998.002	0.0733392
999.934	0.141926
1001.87	0.258117
1003.8	0.314803
1005.73	0.202328
1007.66	0.0868772
1009.59	0.0419813
1011.52	0.0408632
1013.45	0.022744
1015.38	0.00334969
1017.31	0.00350663
1019.23	-0.00611506
1021.16	-0.0127586
1023.09	0.00694971
1025.01	0.0304802
1026.94	0.0191614
1028.86	0.0320661
1030.79	0.0572997
1032.71	0.047678
1034.63	0.0431567
1036.56	0.0258876
1038.48	0.034967
1040.4	0.0219452
1042.32	0.0391002
1044.24	0.0260783
1046.16	0.021557
1048.08	0.0123602
1050	0.00911402
1051.92	0.00926795
1053.84	0.0238728
1055.75	0.0342244
1057.67	0.0377786
1059.59	0.0128559
1061.5	0.0363834
1063.42	0.0203863
1065.33	0.0396634
1067.25	0.0355671
1069.16	0.0408184
1071.07	0.0507449
1072.99	0.0517489
1074.9	0.0472246
1076.81	0.0682019
1078.72	0.0675027
1080.63	0.0740291
1082.54	0.0699297
1084.45	0.0739059
1086.36	0.0791572
1088.27	0.0848335
1090.18	0.0841343
1092.08	0.0757817
1093.99	0.100159
1095.9	0.116036
1097.8	0.111084
1099.71	0.0976338
1101.61	0.107982
1103.52	0.106008
1105.42	0.0912801
1107.32	0.0765521
1109.23	0.0554516
1111.13	0.0390235
1113.03	0.048097
1114.93	0.0435696
1116.83	0.0318167
1118.73	0.0285644
1120.63	0.038913
1122.53	0.0462864
1124.43	0.0766113
1126.33	0.0346814
1128.23	0.0339793
1130.12	0.0447499
1132.02	0.0151459
1133.92	-0.000432187
1135.81	-0.00878788
1137.71	-0.040942
1139.6	-0.0437723
1141.5	-0.0440494
1143.39	-0.0490049
1145.28	-0.0242084
1147.17	-0.0397895
1149.07	-0.030716
1150.96	-0.01272
1152.85	-0.0219256
1154.74	-0.0230558
1156.63	-0.0101601
1158.52	-0.0121403
1160.41	-0.00987032
1162.3	-0.018651
1164.18	-0.00533323
1166.07	0.00713742
1167.96	0.00898244
1169.84	0.0201751
1171.73	0.0105443
1173.62	0.022165
1175.5	0.0359078
1177.38	0.0186235
1179.27	0.0230187
1181.15	0.0235856
1183.03	0.0220274
1184.92	0.0204722
1186.8	0.0325148
1188.68	0.0241562
1190.56	0.0306735
1192.44	0.0388908
1194.32	0.0466832
1196.2	0.0425748
1198.08	0.063118
1199.96	0.0908867
1201.83	0.0957009
1203.71	0.12687
1205.59	0.132537
1207.47	0.139479
1209.34	0.143868
1211.22	0.155061
1213.09	0.157325
1214.97	0.13239
1216.84	0.14188
1218.71	0.154344
1220.59	0.180838
1222.46	0.167801
1224.33	0.179841
1226.2	0.196131
1228.07	0.203495
1229.94	0.208309
1231.81	0.214398
1233.68	0.219213
1235.55	0.225727
1237.42	0.229266
1239.29	0.240456
1241.15	0.233791
1243.02	0.233505
1244.89	0.238319
1246.75	0.23378
1248.62	0.231793
1250.48	0.223854
1252.35	0.226968
1254.21	0.233479
1256.07	0.23489
1257.94	0.228228
1259.8	0.203713
1261.66	0.204698
1263.52	0.220135
1265.38	0.210921
1267.24	0.202556
1269.1	0.202692
1270.96	0.195177
1272.82	0.196588
1274.68	0.206075
1276.54	0.169233
1278.39	0.198268
1280.25	0.197978
1282.11	0.20534
1283.96	0.208023
1285.82	0.200083
1287.67	0.222742
1289.53	0.224153
1291.38	0.250638
1293.24	0.226122
1295.09	0.246656
1296.94	0.233613
1298.79	0.262648
1300.65	0.254283
1302.5	0.279068
1304.35	0.269
1306.2	0.264883
1308.05	0.273091
1309.9	0.295325
1311.74	0.309056
1313.59	0.287937
1315.44	0.27957
1317.29	0.290328
1319.13	0.276432
1320.98	0.27869
1322.83	0.256296
1324.67	0.287453
1326.52	0.26421
1328.36	0.27964
1330.2	0.297621
1332.05	0.286278
1333.89	0.285133
1335.73	0.271662
1337.57	0.268817
1339.42	0.285951
1341.26	0.267804
1343.1	0.232232
1344.94	0.226411
1346.78	0.210815
1348.62	0.190119
1350.45	0.18812
1352.29	0.176349
1354.13	0.160328
1355.97	0.171509
1357.8	0.145284
1359.64	0.155189
1361.47	0.166367
1363.31	0.163946
1365.14	0.158548
1366.98	0.142952
1368.81	0.155829
1370.65	0.136833
1372.48	0.128459
1374.31	0.131136
1376.14	0.127438
1377.97	0.136915
1379.8	0.11579
1381.63	0.117192
1383.46	0.106693
1385.29	0.111496
1387.12	0.108222
1388.95	0.101123
1390.78	0.0833992
1392.61	0.0907515
1394.43	0.0853499
1396.26	0.0837766
1398.09	0.0762529
1399.91	0.0942278
1401.74	0.085004
1403.56	0.0749272
1405.39	0.0669785
1407.21	0.0819782
1409.03	0.0931527
1410.86	0.0809537
1412.68	0.0959535
1414.5	0.100328
1416.32	0.112777
1418.14	0.111201
1419.96	0.0926234
1421.78	0.129725
1423.6	0.114972
1425.42	0.110846
1427.24	0.117345
1429.06	0.149346
1430.88	0.158395
1432.69	0.154266
1434.51	0.177766
1436.33	0.206792
1438.14	0.225189
1439.96	0.261015
1441.77	0.272611
1443.59	0.257859
1445.4	0.306858
1447.21	0.300178
1449.03	0.321979
1450.84	0.313599
1452.65	0.289493
1454.46	0.276438
1456.27	0.268908
1458.08	0.263929
1459.89	0.265325
1461.7	0.26587
1463.51	0.263016
1465.32	0.24146
1467.13	0.202054
1468.94	0.195799
1470.75	0.20357
1472.55	0.182437
1474.36	0.170232
1476.16	0.1763
1477.97	0.16537
1479.78	0.168041
1481.58	0.169859
1483.38	0.155951
1485.19	0.141195
1486.99	0.128987
1488.79	0.104879
1490.6	0.0905483
1492.4	0.0677146
1494.2	0.0652822
1496	0.0428736
1497.8	0.0315156
1499.6	0.026108
1501.4	0.0228255
1503.2	0.0135926
1505	0.0268863
1506.8	0.0236038
1508.59	0.00586737
1510.39	0.0178859
1512.19	0.007378
1513.98	0.00154238
1515.78	0.00251021
1517.58	7.7773e-005
1519.37	0.00784303
1521.17	-0.00946532
1522.96	0.00170011
1524.75	-0.0156488
1526.55	-0.00355478
1528.34	0.00587313
1530.13	0.00115918
1531.92	0.00243613
1533.72	0.00541785
1535.51	0.010095
1537.3	-0.00945437
1539.09	0.0232745
1540.88	0.00755036
1542.67	0.00457704
1544.45	0.0258254
1546.24	0.0092512
1548.03	0.00245262
1549.82	0.0241308
1551.6	0.0271031
1553.39	0.044106
1555.18	0.0271068
1556.96	0.0577058
1558.75	0.0513322
1560.53	0.0645052
1562.32	0.0670572
1564.1	0.0866055
1565.88	0.105304
1567.67	0.102755
1569.45	0.112103
1571.23	0.10785
1573.01	0.124848
1574.79	0.12187
1576.57	0.120592
1578.35	0.12909
1580.13	0.132062
1581.91	0.126534
1583.69	0.107404
1585.47	0.106126
1587.25	0.0861472
1589.02	0.078064
1590.8	0.076361
1592.58	0.0725328
1594.35	0.0886762
1596.13	0.0750723
1597.91	0.0907955
1599.68	0.107789
1601.45	0.102256
1603.23	0.134555
1605	0.114146
1606.77	0.125614
1608.55	0.122211
1610.32	0.124753
1612.09	0.126021
1613.86	0.132389
1615.63	0.116655
1617.4	0.117072
1619.17	0.13024
1620.94	0.123857
1622.71	0.112799
1624.48	0.109816
1626.25	0.128509
1628.02	0.115751
1629.78	0.112763
1631.55	0.128482
1633.32	0.136549
1635.08	0.159064
1636.85	0.162031
1638.61	0.183695
1640.38	0.184112
1642.14	0.194301
1643.91	0.219795
1645.67	0.221057
1647.43	0.267798
1649.19	0.288187
1650.96	0.312405
1652.72	0.327269
1654.48	0.344683
1656.24	0.359121
1658	0.369734
1659.76	0.351871
1661.52	0.372685
1663.28	0.355246
1665.04	0.336958
1666.8	0.325894
1668.55	0.336503
1670.31	0.33394
1672.07	0.316077
1673.82	0.291408
1675.58	0.278645
1677.34	0.296058
1679.09	0.264589
1680.84	0.264147
1682.6	0.265834
1684.35	0.22969
1686.11	0.212251
1687.86	0.213509
1689.61	0.191391
1691.36	0.184573
1693.12	0.188386
1694.87	0.165842
1696.62	0.144149
1698.37	0.139456
1700.12	0.127538
1701.87	0.11137
1703.62	0.107952
1705.36	0.0913543
1707.11	0.0794363
1708.86	0.0534925
1710.61	0.0402994
1712.35	0.0526033
1714.1	0.0457856
1715.85	0.0368429
1717.59	0.0219449
1719.34	0.0202276
1721.08	0.0282812
1722.83	0.0121129
1724.57	0.0171913
1726.31	0.0180194
1728.06	0.015027
1729.8	0.0218055
1731.54	0.0213585
1733.28	0.0170863
1735.03	0.00431824
1736.77	0.014922
1738.51	0.00937463
1740.25	0.0165781
1741.99	0.00338035
1743.73	0.00463343
1745.47	0.0101368
1747.2	0.0126603
1748.94	0.00328769
1750.68	0.00411585
1752.42	-0.00185649
1754.15	0.00534226
1755.89	0.00362015
1757.62	0.00231835
1759.36	-0.0110121
1761.1	-0.00405706
1762.83	0.0104711
1764.56	-0.00235695
1766.3	-0.00772775
1768.03	0.000171578
1769.76	0.00169544
1771.5	0.000670643
1773.23	-0.00035566
1774.96	-0.000531855
1776.69	0.000142004
1778.42	0.00209095
1780.15	-0.00361066
1781.88	0.00301359
1783.61	-0.0048131
1785.34	-0.00753952
1787.07	-0.012816
1788.8	-0.00194152
1790.53	-0.00976821
1792.25	-0.00187034
1793.98	-0.0160725
1795.71	-0.00264781
1797.43	0.000149735
1799.16	-0.0140524
1800.88	0.00192103
1802.61	-0.00930593
1804.33	-0.00268314
1806.06	-0.00923475
1807.78	-0.0111125
1809.51	-0.000663016
1811.23	-0.00891619
1812.95	-0.011219
1814.67	-0.0143718
1816.39	-0.00604891
1818.12	-0.0143006
1819.84	-0.00512772
1821.56	-0.00615538
1823.28	-0.00888319
1825	-0.0133112
1826.72	-0.0190142
1828.43	-0.00899256
1830.15	-0.00704507
1831.87	-0.00552261
1833.59	-0.0210012
1835.31	-0.00672796
1837.02	-0.0115824
1838.74	-0.00198438
1840.45	-0.0110891
1842.17	-0.00744146
1843.88	-0.00677045
1845.6	0.00452759
1847.31	-0.00670217
1849.03	-0.0136803
1850.74	-0.00620887
1852.45	-0.0131884
1854.17	-0.012091
1855.88	-0.00504456
1857.59	-0.010749
1859.3	-0.0130533
1861.01	-0.00218164
1862.72	-0.00831107
1864.43	-0.00466493
1866.14	-0.00484403
1867.85	-0.0126736
1869.56	-0.00350207
1871.27	0.00481938
1872.98	-0.0042853
1874.69	-0.00871467
1876.39	-0.00336982
1878.1	-0.00609908
1879.81	0.00774778
1881.51	-0.0149592
1883.22	-0.00706281
1884.92	0.00338237
1886.63	-0.0133728
1888.33	4.75769e-005
1890.04	-0.00395677
1891.74	0.00308819
1893.44	-0.0136684
1895.15	-0.0100222
1896.85	-0.0144531
1898.55	-0.00995826
1900.25	-0.00971379
1901.95	-0.0115944
1903.66	-0.00114781
1905.36	-0.00175334
1907.06	-0.00575914
1908.76	-0.0144402
1910.45	-0.00187138
1912.15	-0.00375199
1913.85	-0.000957298
1915.55	-0.00368802
1917.25	0.00675717
1918.94	-0.000225277
1920.64	-0.00125583
1922.34	0.00153886
1924.03	0.0595857
1925.73	0.00840182
1927.42	0.000144339
1929.12	-0.00216135
1930.81	-0.00149325
1932.51	0.00257652
1934.2	0.00281954
1935.9	8.8876e-005
1937.59	0.00245709
1939.28	-0.00495034
1940.97	-0.00300715
1942.66	0.00403636
1944.36	0.00130564
1946.05	-0.000576423
1947.74	0.00264184
1949.43	-0.000940332
1951.12	-0.00622267
1952.81	0.00507112
1954.49	-0.006163
1956.18	-0.00932015
1957.87	0.000273528
1959.56	-0.00203356
1961.25	-0.00519071
1962.93	-0.00622417
1964.62	0.00719475
1966.31	0.00106241
1967.99	0.00555426
1969.68	-0.0039783
1971.36	0.00816409
1973.05	0.00500694
1974.73	0.00227337
1976.41	0.00761537
1978.1	0.000632924
1979.78	0.00469979
1981.46	-0.000583946
1983.15	-0.00204098
1984.83	0.00755124
1986.51	0.00949302
1988.19	-0.000891043
1989.87	-0.00702483
1991.55	0.00936783
1993.23	0.00153393
1994.91	-0.00162467
1996.59	-0.00478327
1998.27	0.00820917
1999.95	0.00165035
2001.62	-0.00533489
2003.3	0.00255722
2004.98	0.00407392
2006.65	-0.000786187
2008.33	0.00243057
2010.01	0.00394733
2011.68	0.00163733
2013.36	0.00612923
2015.03	-0.00723143
2016.71	-0.00741484
2018.38	0.000475821
2020.05	-0.00438429
2021.73	-0.00584283
2023.4	0.00672319
2025.07	0.00823008
2026.74	0.00224104
2028.42	-0.00332297
2030.09	0.0051905
2031.76	-0.00287215
2033.43	-0.00115918
2035.1	-0.00795962
2036.77	-0.000270467
2038.44	0.00792096
2040.11	-0.0023956
2041.78	-0.00015456
2043.44	0.00672319
2045.11	9.01731e-005
2046.78	-0.00186754
2048.45	-0.0046753
2050.11	-0.000386374
2051.78	0.00177736
2053.45	0.00571857
2055.11	-0.00123643
2056.78	0.00448209
2058.44	-0.00869376
2060.11	0.00289794
2061.77	-0.00482986
2063.43	-0.00270473
2065.1	0.00100462
2066.76	0.00540945
2068.42	0.00339529
2070.08	0.00350632
2071.75	-0.00360749
2073.41	-9.62434e-005
2075.07	0.00298998
2076.73	0.0141517
2078.39	-0.00401353
2080.05	0.00417302
2081.71	-0.00373803
2083.37	-0.00697378
2085.03	0.00466638
2086.68	0.00015456
2088.34	-0.00707091
2090	0.00652997
2091.66	0.00273264
2093.31	-0.00106485
2094.97	0.0057635
2096.63	-0.00228411
2098.28	-0.00353143
2099.94	0.00967233
2101.59	0.00587484
2103.25	0.00420265
2104.9	-0.00129495
2106.55	0.00723335
2108.21	0.00131088
2109.86	0.00176367
2111.51	0.011142
2113.16	0.000119072
2114.82	-0.00197815
2116.47	0.00442502
2118.12	-0.00149761
2119.77	0.0100059
2121.42	0.00875857
2123.07	0.0053861
2124.72	0.00966408
2126.37	-0.00348401
2128.02	0.00631938
2129.67	0.00932233
2131.32	0.00467478
2132.96	-0.001248
2134.61	-0.00377041
2136.26	0.00645796
2137.9	0.000535176
2139.55	-0.000287122
2141.2	-0.00280953
2142.84	-0.00065679
2144.49	0.00617136
2146.13	-0.000176455
2147.78	0.00665174
2149.42	-0.00734656
2151.06	-0.00434382
2152.71	-6.57879e-005
2154.35	0.00208695
2155.99	-0.00171069
2157.63	-0.0025332
2159.28	-0.00463058
2160.92	-0.00120276
2162.56	0.0111506
2164.2	-0.00327274
2165.84	-0.00834547
2167.48	-0.000667426
2169.12	-0.00318999
2170.76	0.0074633
2172.4	0.00196549
2174.04	0.00114304
2175.67	-0.00520498
2177.31	-0.00177716
2178.95	0.00887613
2180.59	0.00380335
2182.22	0.000855606
2183.86	-0.00336712
2185.5	0.00133579
2187.13	-0.0104132
