279.782	0.00978483
281.925	0.0067146
284.068	0.00425597
286.21	-0.00279047
288.352	0.0164598
290.493	0.00207369
292.633	-0.00558657
294.773	-0.000710018
296.911	-0.00133967
299.05	-0.00961265
301.187	-0.0163589
303.324	-0.00934535
305.46	-0.0102831
307.596	-0.0124439
309.731	-0.0106308
311.865	0.000966039
313.999	0.00797623
316.132	-0.000915088
318.264	0.0030351
320.396	-0.000659143
322.527	0.00237256
324.657	-0.0046875
326.787	0.00292966
328.916	-0.0044373
331.044	-0.0038552
333.172	0.00223084
335.299	-0.00483262
337.425	-0.00883947
339.551	-0.0149867
341.676	-0.00340012
343.8	-0.0135248
345.924	-0.0169223
348.047	-0.00870151
350.17	-0.0108771
352.292	-0.00296321
354.413	-0.00819884
356.533	-0.0100721
358.653	-0.0192839
360.772	-0.0150427
362.891	-0.00682647
365.009	-0.0203214
367.126	-0.00538038
369.243	-0.0103148
371.359	-0.0048539
373.474	-0.0107079
375.589	-0.0061655
377.703	0.00418553
379.816	-0.0120671
381.929	-0.00722123
384.041	-0.00818623
386.152	0.00124408
388.263	-0.00369712
390.373	0.00597652
392.483	0.000838682
394.592	-0.00643977
396.7	0.00432237
398.807	-0.0057084
400.914	0.00688825
403.021	0.00878274
405.126	0.00823064
407.231	0.00890169
409.336	0.0123247
411.439	0.0172763
413.543	0.00602187
415.645	0.00791546
417.747	0.00369357
419.848	0.00925633
421.948	0.00533984
424.048	0.00662155
426.148	0.00851485
428.246	0.010102
430.344	0.0107718
432.442	-0.00323566
434.538	0.00966487
436.634	0.000549516
438.73	0.00397098
440.825	0.00158252
442.919	-0.00814476
445.012	-0.00211262
447.105	-0.000528165
449.197	0.00247402
451.289	-0.00428967
453.38	-4.54259e-005
455.47	-0.00619753
457.56	0.00141029
459.649	0.00657194
461.738	0.00745269
463.826	0.0080277
465.913	-0.00485143
467.999	0.00336802
470.085	-0.00186668
472.171	-0.00129163
474.255	-0.00224547
476.34	-0.0077859
478.423	0.00410289
480.506	0.000702889
482.588	0.0052531
484.67	-0.0002873
486.75	0.00456869
488.831	0.0091189
490.91	0.0121403
492.99	0.0117981
495.068	0.00625777
497.146	0.0123369
499.223	0.0119948
501.3	0.0137931
503.375	0.0140625
505.451	0.00760491
507.526	0.0127668
509.6	0.0136478
511.673	0.00627289
513.746	0.0157157
515.818	0.0141505
517.89	0.0128912
519.961	0.0244744
522.031	0.025967
524.101	0.0195095
526.17	0.0176386
528.238	0.0203544
530.306	0.0187893
532.374	0.0208936
534.44	0.018717
536.506	0.0263252
538.572	0.0220082
540.636	0.0216663
542.701	0.0173493
544.764	0.0102803
546.827	0.0102442
548.889	0.0132659
550.951	0.0138413
553.012	0.0171688
555.073	0.0131576
557.133	0.0158736
559.192	0.0106393
561.251	0.0145784
563.309	0.0124019
565.366	-0.00200557
567.423	0.00132198
569.479	0.00617841
571.535	0.004002
573.59	0.014974
575.644	0.0103514
577.698	0.0106212
579.751	-0.00623243
581.804	-0.00107018
583.856	-0.00324652
585.907	-0.00603441
587.958	-0.0011779
590.008	-0.00304843
592.057	0.00792364
594.106	-0.00740103
596.155	-0.00376759
598.202	0.00292368
600.249	-0.0142356
602.296	-0.0032635
604.342	-0.00635709
606.387	-0.00516979
608.432	-0.00337093
610.476	0.000262627
612.519	-0.0065002
614.562	-0.000726218
616.605	-0.00106775
618.646	0.00776403
620.687	0.0233229
622.728	0.0281795
624.768	0.0131608
626.807	-0.00736184
628.846	0.0011642
630.884	-0.0159949
632.921	-0.0117497
634.958	-0.00689299
636.994	-0.00356506
639.03	-0.00360071
641.065	0.0110409
643.1	0.0256825
645.133	0.0155564
647.167	0.00940522
649.199	0.0139563
651.232	-0.00197963
653.263	-0.0139404
655.294	0.000395471
657.324	-0.0030036
659.354	-0.000592926
661.383	0.00823908
663.412	-0.00983724
665.44	0.00908538
667.467	0.0108846
669.494	0.0139068
671.52	0.0138714
673.546	0.0101666
675.57	0.00279256
677.595	0.00214558
679.619	-0.000336085
681.642	-0.00312345
683.665	-0.0092744
685.687	0.00047505
687.708	-0.00537008
689.729	-0.00173615
691.749	-0.00238305
693.769	2.7808e-005
695.788	0.00597652
697.806	0.000555973
699.824	-0.00331315
701.842	0.004743
703.858	-0.000653917
705.875	-0.00635717
707.89	-0.00380335
709.905	0.0122046
711.92	0.00894869
713.933	0.0304617
715.947	0.0171157
717.959	0.0276214
719.971	0.0164169
721.983	0.0357901
723.994	0.0349826
726.004	0.0341757
728.014	0.0309225
730.023	0.0151331
732.032	0.0204422
734.04	0.0110746
736.047	0.00415384
738.054	0.0109929
740.06	0.0233366
742.066	0.024978
744.071	0.00857931
746.075	0.0258164
748.079	0.0188973
750.083	0.0385807
752.086	0.0175964
754.088	0.0351404
756.089	0.0505446
758.091	0.0384283
760.091	0.0455771
762.091	0.0392717
764.09	0.0170665
766.089	0.025439
768.087	0.0173
770.085	0.0250614
772.082	0.0199808
774.078	0.0387513
776.074	0.0388694
778.069	0.0515249
780.064	0.0644862
782.058	0.0511513
784.052	0.0466839
786.045	0.0324322
788.038	0.0414195
790.029	0.0268632
792.021	0.0132236
794.011	0.001114
796.002	0.000929086
797.991	-0.00934528
799.98	-0.0107521
801.969	-0.00604352
803.957	0.00539277
805.944	0.00717185
807.931	0.00653574
809.917	0.0120152
811.903	0.00251157
813.888	0.000346611
815.872	0.00827226
817.856	0.022925
819.839	0.0210658
821.822	0.0237933
823.804	0.0356941
825.786	0.0326118
827.767	0.0353394
829.748	0.0469344
831.728	0.0447695
833.707	0.0254811
835.686	0.0242336
837.664	0.0205398
839.642	0.0205154
841.619	0.0198794
843.596	0.0134337
845.572	0.0329789
847.547	0.0427394
849.522	0.0613673
851.497	0.0656237
853.47	0.0689629
855.444	0.0701616
857.416	0.0588235
859.388	0.056353
861.36	0.0367589
863.331	0.038875
865.302	0.0318178
867.271	0.0431072
869.241	0.038802
871.21	0.0265466
873.178	0.0326378
875.145	0.0372002
877.113	0.0582744
879.079	0.0493826
881.045	0.0563911
883.011	0.0624824
884.975	0.0486981
886.94	0.0523432
888.904	0.0514016
890.867	0.0550467
892.829	0.0492127
894.792	0.0586675
896.753	0.0577259
898.714	0.073602
900.675	0.0601237
902.635	0.0573474
904.594	0.0554886
906.553	0.068307
908.511	0.0636961
910.469	0.049912
912.426	0.055086
914.382	0.0770777
916.339	0.064211
918.294	0.0660214
920.249	0.0818977
922.203	0.0791215
924.157	0.0748165
926.111	0.0812137
928.063	0.0885282
930.016	0.0802481
931.967	0.0869511
933.918	0.0850923
935.869	0.0810931
937.819	0.0829037
939.769	0.0727889
941.718	0.0822439
943.666	0.0791621
945.614	0.0745514
947.561	0.0632136
949.508	0.0766437
951.454	0.0738677
953.4	0.0778187
955.345	0.0729023
957.29	0.0753244
959.234	0.070408
961.177	0.0700782
963.12	0.0743351
965.063	0.070336
967.004	0.0767333
968.946	0.0736515
970.887	0.0724045
972.827	0.0705458
974.767	0.0683814
976.706	0.0625477
978.645	0.0704739
980.583	0.0683095
982.52	0.0710376
984.457	0.0636751
986.394	0.0737417
988.33	0.0630156
990.265	0.066661
992.2	0.0727526
994.134	0.07915
996.068	0.09839
998.002	0.101118
999.934	0.161944
1001.87	0.283007
1003.8	0.312643
1005.73	0.2163
1007.66	0.139221
1009.59	0.10281
1011.52	0.0972818
1013.45	0.08625
1015.38	0.0764413
1017.31	0.0580709
1019.23	0.0604934
1021.16	0.0467096
1023.09	0.0503551
1025.01	0.0640913
1026.94	0.0818024
1028.86	0.0842249
1030.79	0.102242
1032.71	0.105276
1034.63	0.0792612
1036.56	0.0663947
1038.48	0.0617844
1040.4	0.0525874
1042.32	0.0620427
1044.24	0.067523
1046.16	0.0540451
1048.08	0.0680871
1050	0.0598074
1051.92	0.055197
1053.84	0.0625119
1055.75	0.0692154
1057.67	0.0535971
1059.59	0.0603004
1061.5	0.0602768
1063.42	0.0602531
1065.33	0.0648161
1067.25	0.0617347
1069.16	0.0610995
1071.07	0.0745301
1072.99	0.0766468
1074.9	0.0692845
1076.81	0.0750707
1078.72	0.06832
1080.63	0.0719657
1082.54	0.0768345
1084.45	0.08629
1086.36	0.0743411
1088.27	0.0847139
1090.18	0.0797979
1092.08	0.0929228
1093.99	0.105436
1095.9	0.0999084
1097.8	0.0836788
1099.71	0.0968036
1101.61	0.0934166
1103.52	0.090641
1105.42	0.0890886
1107.32	0.0753053
1109.23	0.0713065
1111.13	0.0630271
1113.03	0.0523015
1114.93	0.0498318
1116.83	0.0403293
1118.73	0.0412231
1120.63	0.0470094
1122.53	0.0527957
1124.43	0.0668379
1126.33	0.0594758
1128.23	0.0591465
1130.12	0.0487268
1132.02	0.03953
1133.92	0.02116
1135.81	0.00493049
1137.71	-0.0106876
1139.6	0.000602818
1141.5	-0.00706506
1143.39	-0.0187079
1145.28	-0.00700504
1147.17	0.00234162
1149.07	0.00465797
1150.96	0.0127815
1152.85	0.00867404
1154.74	0.0103763
1156.63	0.019723
1158.52	0.0162271
1160.41	0.01426
1162.3	0.0187143
1164.18	0.0112407
1166.07	0.0202816
1167.96	0.0320745
1169.84	0.0325511
1171.73	0.0324187
1173.62	0.051856
1175.5	0.0456056
1177.38	0.0366031
1179.27	0.0392228
1181.15	0.026551
1183.03	0.0481262
1184.92	0.0391263
1186.8	0.0567264
1188.68	0.0413026
1190.56	0.0378042
1192.44	0.0474541
1194.32	0.0589386
1196.2	0.0673654
1198.08	0.0794616
1199.96	0.0866653
1201.83	0.110684
1203.71	0.12278
1205.59	0.136711
1207.47	0.139328
1209.34	0.134298
1211.22	0.134469
1213.09	0.145339
1214.97	0.129916
1216.84	0.139257
1218.71	0.136062
1220.59	0.1451
1222.46	0.160252
1224.33	0.148189
1226.2	0.175571
1228.07	0.181244
1229.94	0.17285
1231.81	0.181275
1233.68	0.193674
1235.55	0.189561
1237.42	0.19187
1239.29	0.199683
1241.15	0.209939
1243.02	0.198182
1244.89	0.193152
1246.75	0.195459
1248.62	0.209998
1250.48	0.20466
1252.35	0.189846
1254.21	0.190623
1256.07	0.191706
1257.94	0.190957
1259.8	0.183784
1261.66	0.188231
1263.52	0.199099
1265.38	0.186422
1267.24	0.182001
1269.1	0.180026
1270.96	0.174077
1272.82	0.187085
1274.68	0.171656
1276.54	0.175797
1278.39	0.173514
1280.25	0.184994
1282.11	0.169871
1283.96	0.179513
1285.82	0.195885
1287.67	0.193296
1289.53	0.183371
1291.38	0.1976
1293.24	0.202353
1295.09	0.187227
1296.94	0.198704
1298.79	0.208958
1300.65	0.212793
1302.5	0.212039
1304.35	0.216177
1306.2	0.228266
1308.05	0.224454
1309.9	0.2396
1311.74	0.23548
1313.59	0.254907
1315.44	0.238559
1317.29	0.246978
1319.13	0.234296
1320.98	0.233236
1322.83	0.221168
1324.67	0.229891
1326.52	0.225773
1328.36	0.224099
1330.2	0.231904
1332.05	0.245827
1333.89	0.238038
1335.73	0.238504
1337.57	0.229492
1339.42	0.233936
1341.26	0.216056
1343.1	0.21958
1344.94	0.19956
1346.78	0.192993
1348.62	0.177559
1350.45	0.164263
1352.29	0.143326
1354.13	0.141957
1355.97	0.137531
1357.8	0.146251
1359.64	0.134793
1361.47	0.135562
1363.31	0.124715
1365.14	0.117535
1366.98	0.133901
1368.81	0.119994
1370.65	0.127493
1372.48	0.104718
1374.31	0.110992
1376.14	0.103506
1377.97	0.100912
1379.8	0.099847
1381.63	0.113459
1383.46	0.105973
1385.29	0.0990984
1387.12	0.103537
1388.95	0.104307
1390.78	0.116085
1392.61	0.0960618
1394.43	0.10111
1396.26	0.111359
1398.09	0.0956165
1399.91	0.0939375
1401.74	0.0974592
1403.56	0.0976148
1405.39	0.0812611
1407.21	0.09059
1409.03	0.097167
1410.86	0.101912
1412.68	0.0953403
1414.5	0.105281
1416.32	0.112775
1418.14	0.119964
1419.96	0.116756
1421.78	0.113854
1423.6	0.128075
1425.42	0.116611
1427.24	0.134502
1429.06	0.120592
1430.88	0.126863
1432.69	0.153618
1434.51	0.167228
1436.33	0.184507
1438.14	0.208205
1439.96	0.227319
1441.77	0.245513
1443.59	0.262486
1445.4	0.269061
1447.21	0.288477
1449.03	0.283129
1450.84	0.282365
1452.65	0.250412
1454.46	0.250259
1456.27	0.235429
1458.08	0.232524
1459.89	0.232372
1461.7	0.229467
1463.51	0.210968
1465.32	0.192774
1467.13	0.190175
1468.94	0.17137
1470.75	0.154094
1472.55	0.145989
1474.36	0.147365
1476.16	0.1255
1477.97	0.131463
1479.78	0.122748
1481.58	0.108222
1483.38	0.118157
1485.19	0.105773
1486.99	0.0878831
1488.79	0.0880337
1490.6	0.0747326
1492.4	0.0684619
1494.2	0.0560756
1496	0.0473587
1497.8	0.0371129
1499.6	0.0366519
1501.4	0.0331332
1503.2	0.0290028
1505	0.0267072
1506.8	0.0286925
1508.59	0.0328156
1510.39	0.0299084
1512.19	0.019051
1513.98	0.0185875
1515.78	0.0144572
1517.58	0.0207233
1519.37	0.0150616
1521.17	0.0155179
1522.96	0.0175006
1524.75	0.0139794
1526.55	0.0211628
1528.34	0.0197819
1530.13	0.0232935
1531.92	0.0206896
1533.72	0.0174766
1535.51	0.0222112
1537.3	0.0196073
1539.09	0.0212842
1540.88	0.0229611
1542.67	0.026167
1544.45	0.0324279
1546.24	0.032576
1548.03	0.0385337
1549.82	0.0374587
1551.6	0.0452486
1553.39	0.0499833
1555.18	0.0504371
1556.96	0.0530288
1558.75	0.058375
1560.53	0.0487357
1562.32	0.0641725
1564.1	0.0728797
1565.88	0.0757772
1567.67	0.0765368
1569.45	0.0766823
1571.23	0.079274
1573.01	0.08156
1574.79	0.0908787
1576.57	0.0934704
1578.35	0.0823022
1580.13	0.0925383
1581.91	0.0844279
1583.69	0.0937466
1585.47	0.0816611
1587.25	0.074468
1589.02	0.069107
1590.8	0.0762853
1592.58	0.0559438
1594.35	0.0683178
1596.13	0.0712153
1597.91	0.0731955
1599.68	0.0898504
1601.45	0.098555
1603.23	0.101147
1605	0.0994551
1606.77	0.100821
1608.55	0.0988262
1610.32	0.0916305
1612.09	0.111955
1613.86	0.0986435
1615.63	0.108877
1617.4	0.106268
1619.17	0.096932
1620.94	0.100744
1622.71	0.104251
1624.48	0.09308
1626.25	0.0993385
1628.02	0.0967295
1629.78	0.102374
1631.55	0.105575
1633.32	0.111221
1635.08	0.118395
1636.85	0.132909
1638.61	0.134579
1640.38	0.136862
1642.14	0.168192
1643.91	0.164665
1645.67	0.194466
1647.43	0.198581
1649.19	0.221349
1650.96	0.244731
1652.72	0.256491
1654.48	0.266416
1656.24	0.276647
1658	0.280151
1659.76	0.277234
1661.52	0.268507
1663.28	0.280573
1665.04	0.284994
1666.8	0.260978
1668.55	0.269372
1670.31	0.261256
1672.07	0.238158
1673.82	0.237073
1675.58	0.237825
1677.34	0.225428
1679.09	0.213335
1680.84	0.203688
1682.6	0.203523
1684.35	0.195405
1686.11	0.18943
1687.86	0.174585
1689.61	0.163409
1691.36	0.158654
1693.12	0.139531
1694.87	0.13233
1696.62	0.130633
1698.37	0.109367
1700.12	0.0972736
1701.87	0.0888498
1703.62	0.0727816
1705.36	0.0668014
1707.11	0.0589891
1708.86	0.0462845
1710.61	0.0430588
1712.35	0.0349382
1714.1	0.0362992
1715.85	0.0346024
1717.59	0.0261761
1719.34	0.0229504
1721.08	0.0181934
1722.83	0.0198601
1724.57	0.0184666
1726.31	0.0137096
1728.06	0.0147648
1729.8	0.0139828
1731.54	0.00647378
1733.28	0.0130305
1735.03	0.0107221
1736.77	0.00535351
1738.51	0.00518307
1740.25	0.0151033
1741.99	0.00851156
1743.73	0.00956423
1745.47	0.00174944
1747.2	0.00922087
1748.94	0.00905044
1750.68	0.00551651
1752.42	0.00320568
1754.15	-0.00369436
1755.89	-0.00386479
1757.62	0.00421823
1759.36	0.00374202
1761.1	0.000208056
1762.83	-0.00241112
1764.56	0.00169685
1766.3	-0.000614016
1768.03	-0.00415052
1769.76	-0.00768699
1771.5	-0.002965
1773.23	-0.00222065
1774.96	-0.00269939
1776.69	-0.00623586
1778.42	-0.000599048
1780.15	0.00289729
1781.88	-0.0015565
1783.61	-0.0026468
1785.34	0.00207265
1787.07	0.00220545
1788.8	-0.000107873
1790.53	-0.00486748
1792.25	-0.00626609
1793.98	-0.000323506
1795.71	-0.00110803
1797.43	-6.03937e-005
1799.16	-0.00145647
1800.88	-0.0059128
1802.61	2.9749e-005
1804.33	0.002912
1806.06	0.00182174
1807.78	-0.000188385
1809.51	0.00239063
1811.23	0.00394728
1812.95	-0.00186246
1814.67	0.00311334
1816.39	-0.00555955
1818.12	-0.0069081
1819.84	-0.000611552
1821.56	-0.0010841
1823.28	0.0037527
1825	0.00164007
1826.72	0.00850615
1828.43	-0.00164007
1830.15	-2.07907e-005
1831.87	-0.000541939
1833.59	-0.00320352
1835.31	-0.00311308
1837.02	-0.00210587
1838.74	0.00318273
1840.45	-0.00192558
1842.17	0.00458612
1843.88	0.00437022
1845.6	-0.000126013
1847.31	-0.0055401
1849.03	0.00678134
1850.74	-0.0016905
1852.45	0.00359757
1854.17	0.00246491
1855.88	-0.00203185
1857.59	-0.00438818
1859.3	-0.00246364
1861.01	-0.00206798
1862.72	-0.00473008
1864.43	-0.00311132
1866.14	-0.00638498
1867.85	-0.00660087
1869.56	-0.00559366
1871.27	0.000917515
1872.98	0.00192472
1874.69	-0.00134893
1876.39	-3.64677e-005
1878.1	-0.000863914
1879.81	0.00106062
1881.51	-0.00618864
1883.22	0.00429762
1884.92	-0.00509207
1886.63	-0.00408486
1888.33	0.000896911
1890.04	-0.0042114
1891.74	-0.000146953
1893.44	0.00238861
1895.15	0.0131807
1896.85	-0.000489906
1898.55	0.000822557
1900.25	0.00274657
1901.95	0.00161283
1903.66	-0.00104928
1905.36	-0.000348365
1907.06	0.00157565
1908.76	0.00105346
1910.45	-0.00619633
1912.15	0.0018432
1913.85	-0.00173675
1915.55	-0.000118511
1917.25	0.0005824
1918.94	-0.00116342
1920.64	0.000760595
1922.34	-0.00618289
1924.03	-0.00395363
1925.73	-0.00202961
1927.42	-0.00438698
1929.12	0.00395833
1930.81	0.00343561
1932.51	0.00138454
1934.2	-5.55413e-005
1935.9	-0.00180084
1937.59	0.00532085
1939.28	0.000823042
1940.97	0.00488697
1942.66	-0.00175127
1944.36	0.000361355
1946.05	0.00366931
1947.74	-0.00464222
1949.43	-0.00425306
1951.12	-0.00461445
1952.81	0.000722747
1954.49	-0.000611552
1956.18	0.00683827
1957.87	0.00353031
1959.56	0.00232762
1961.25	-0.00315597
1962.93	-0.00160682
1964.62	-0.000669072
1966.31	0.00179752
1967.99	0.00151205
1969.68	0.00703639
1971.36	0.00185847
1973.05	-0.00240198
1974.73	0.0077089
1976.41	-0.000220971
1978.1	0.00102251
1979.78	0.00196011
1981.46	-0.00107735
1983.15	0.00383545
1984.83	0.000492183
1986.51	0.0029587
1988.19	-0.000690348
1989.87	0.00177613
1991.55	0.00393687
1993.23	0.00518024
1994.91	0.00489473
1996.59	-0.000894746
1998.27	0.00126599
1999.95	0.00495557
2001.62	0.00252952
2003.3	-0.000202196
2004.98	-0.000793442
2006.65	0.00167292
2008.33	0.00016431
2010.01	0.000490354
2011.68	-0.000712594
2013.36	0.0032828
2015.03	-0.00556455
2016.71	0.00301745
2018.38	-0.00185481
2020.05	0.00366931
2021.73	0.00063936
2023.4	-0.00294657
2025.07	0.00934005
2026.74	-0.00586532
2028.42	-0.00244621
2030.09	5.55787e-005
2031.76	-0.00358593
2033.43	0.00394728
2035.1	-0.00116753
2036.77	0.000942784
2038.44	-0.00703748
2040.11	0.00363456
2041.78	0.00421603
2043.44	0.00846696
2045.11	0.00201554
2046.78	0.00473744
2048.45	-0.000796652
2050.11	0.0043716
2051.78	0.00434152
2053.45	-0.00639076
2055.11	0.00152948
2056.78	0.00547448
2058.44	0.00666765
2060.11	0.00143933
2061.77	0.0111943
2063.43	-0.00320714
2065.1	-0.00140261
2066.76	0.00621186
2068.42	-0.00176822
2070.08	0.00431737
2071.75	0.00398147
2073.41	0.00272847
2075.07	-0.00219388
2076.73	0.00113972
2078.39	-0.00222382
2080.05	0.00183466
2081.71	-0.000139003
2083.37	-0.00158446
2085.03	-0.00419748
2086.68	-0.00230721
2088.34	-0.00411409
2090	0.00471269
2091.66	0.00436615
2093.31	0.00218522
2094.97	0.00306183
2096.63	-3.66916e-005
2098.28	0.0038979
2099.94	0.00232829
2101.59	0.000147364
2103.25	0.00438747
2104.9	0.0031239
2106.55	0.00277763
2108.21	-0.00246133
2109.86	-0.00189027
2111.51	0.00235009
2113.16	0.00659046
2114.82	0.000128439
2116.47	0.00406303
2118.12	0.00218787
2119.77	0.000312719
2121.42	-0.00125666
2123.07	0.000231721
2124.72	-0.00378387
2126.37	-0.00107238
2128.02	0.00867199
2129.67	-0.0042111
2131.32	0.0046159
2132.96	0.000294765
2134.61	0.00147737
2136.26	0.00296579
2137.9	0.00353707
2139.55	-0.00109007
2141.2	0.00498495
2142.84	-0.00361702
2144.49	0.000929123
2146.13	0.00394665
2147.78	0.00298882
2149.42	-0.000720731
2151.06	-0.000149454
2152.71	0.000421599
2154.35	-0.00145329
2155.99	0.00370466
2157.63	-0.00459157
2159.28	-0.00157431
2160.92	-0.00650696
2162.56	0.000791427
2164.2	0.0013627
2165.84	0.00101669
2167.48	-0.00666795
2169.12	0.00338239
2170.76	-2.13879e-005
2172.4	-0.00159051
2174.04	0.0011212
2175.67	0.00352744
2177.31	0.00226406
2178.95	0.00130649
2180.59	6.11403e-005
2182.22	-0.00319366
2183.86	0.00149066
2185.5	-0.00109205
2187.13	-0.00249716
