279.782	0.0188987
281.925	0.0133612
284.068	0.00149905
286.21	0.000478341
288.352	-0.00822224
290.493	-0.00066027
292.633	-0.0278846
294.773	-0.0112882
296.911	0.00846897
299.05	-0.00565517
301.187	-0.0184256
303.324	-0.00860794
305.46	-0.0200238
307.596	-0.0251151
309.731	-0.0211719
311.865	-0.0063873
313.999	-0.0110283
316.132	-0.0224466
318.264	-0.00540475
320.396	-0.0136615
322.527	-0.0119803
324.657	-0.0274667
326.787	-0.0194617
328.916	-0.00784333
331.044	-0.0228796
333.172	-0.0261701
335.299	-0.0308167
337.425	-0.0237184
339.551	-0.0364974
341.676	-0.038435
343.8	-0.0313382
345.924	-0.0319213
348.047	-0.0361193
350.17	-0.019988
352.292	-0.0359326
354.413	-0.0414875
356.533	-0.0398149
358.653	-0.0291072
360.772	-0.0355671
362.891	-0.027119
365.009	-0.0313209
367.126	-0.0301025
369.243	-0.0243665
371.359	-0.0385087
373.474	-0.0214803
375.589	-0.0374304
377.703	-0.0294379
379.816	-0.0381614
381.929	-0.0247486
384.041	-0.0248895
386.152	-0.0245793
388.263	-0.0314973
390.373	-0.0352538
392.483	-0.028168
394.592	-0.0328288
396.7	-0.0198717
398.807	-0.009626
400.914	-0.0156437
403.021	-0.0126261
405.126	-0.00283371
407.231	-0.0142741
409.336	-0.00674051
411.439	0.00576089
413.543	-0.0165225
415.645	-0.000407864
417.747	0.0093822
419.848	-0.00341661
421.948	0.00140249
424.048	0.0030592
426.148	0.00200541
428.246	-0.000857033
430.344	-0.00597828
432.442	-0.00070902
434.538	-0.00628357
436.634	0.00459972
438.73	-0.0111297
440.825	0.00266948
442.919	-0.0068175
445.012	0.0029161
447.105	0.00632498
449.197	-0.00743266
451.289	-0.00944457
453.38	0.0106801
455.47	0.0181559
457.56	-0.0105093
459.649	0.000580804
461.738	0.0076051
463.826	-0.00163372
465.913	-0.0158416
467.999	-0.0110752
470.085	-0.0121817
472.171	-0.00560824
474.255	-0.00852114
476.34	-0.0150484
478.423	-0.0129917
480.506	-0.00235139
482.588	-0.00481192
484.67	-4.42827e-005
486.75	-0.0128946
488.831	0.00723319
490.91	-0.0123933
492.99	-0.00355916
495.068	0.00392031
497.146	-0.00079775
499.223	-0.000546117
501.3	0.0010608
503.375	0.00492713
505.451	-0.0119878
507.526	0.00317253
509.6	-0.0141936
511.673	-0.00355023
513.746	-0.0163984
515.818	-0.00259239
517.89	0.00127488
519.961	0.00333543
522.031	0.00855858
524.101	-0.00428864
526.17	-0.00267919
528.238	0.00344815
530.306	0.00370254
532.374	-0.00372295
534.44	-0.00527488
536.506	0.000853062
538.572	-0.0196729
540.636	0.00542968
542.701	-0.0128371
544.764	-0.00354587
546.827	0.00529358
548.889	-0.0138758
550.951	-0.00819831
553.012	-0.0115558
555.073	-0.0049745
557.133	-0.0160115
559.192	-0.0184648
561.251	-0.0209181
563.309	-0.0152394
565.366	-0.023565
567.423	-0.0305353
569.479	-0.00994784
571.535	-0.025953
573.59	-0.018918
575.644	-0.0412472
577.698	-0.0418919
579.751	-0.0181412
581.804	-0.0291761
583.856	-0.0320789
585.907	-0.0385955
587.958	-0.0419499
590.008	-0.0462074
592.057	-0.0319424
594.106	-0.042976
596.155	-0.0445226
598.202	-0.0429063
600.249	-0.0462594
602.296	-0.0581959
604.342	-0.045737
606.387	-0.0639975
608.432	-0.0637358
610.476	-0.0603115
612.519	-0.0595975
614.562	-0.0620457
616.605	-0.0559106
618.646	-0.0497747
620.687	-0.0337002
622.728	-0.0262091
624.768	-0.0494375
626.807	-0.0559503
628.846	-0.0728536
630.884	-0.0621993
632.921	-0.0628386
634.958	-0.0580569
636.994	-0.0586959
639.03	-0.0444269
641.065	-0.0414515
643.1	-0.023568
645.133	-0.041373
647.167	-0.0478843
649.199	-0.0507808
651.232	-0.0586471
653.263	-0.0638022
655.294	-0.0608256
657.324	-0.0655286
659.354	-0.0607446
661.383	-0.0500874
663.412	-0.0552419
665.44	-0.0481984
667.467	-0.0361854
669.494	-0.0490191
671.52	-0.0469444
673.546	-0.0530014
675.57	-0.054992
677.595	-0.0474959
679.619	-0.0585217
681.642	-0.043345
683.665	-0.0561774
685.687	-0.0495839
687.708	-0.0502182
689.729	-0.0639537
691.749	-0.0555525
693.769	-0.0539276
695.788	-0.0559166
697.806	-0.0538394
699.824	-0.0467929
701.842	-0.034777
703.858	-0.0412826
705.875	-0.0410122
707.89	-0.0298988
709.905	-0.00161855
711.92	-0.0167074
713.933	0.0174464
715.947	0.0357883
717.959	0.0450955
719.971	0.0245865
721.983	0.0216962
723.994	0.0404907
726.004	0.0285658
728.014	0.00353991
730.023	-0.00251182
732.032	-0.00946701
734.04	-0.00648314
736.047	-0.0116307
738.054	-0.0100018
740.06	-0.0241843
742.066	-0.00583991
744.071	0.0079871
746.075	0.00284049
748.079	0.0130538
750.083	0.0155871
752.086	0.00682676
754.088	0.0215582
756.089	0.0182197
758.091	0.0243677
760.091	0.01606
762.091	0.0149805
764.09	0.0134496
766.089	0.0101116
768.087	0.00948449
770.085	-0.00605074
772.082	0.00371302
774.078	0.0211569
776.074	0.0458291
778.069	0.0397818
780.064	0.0680683
782.058	0.060666
784.052	0.0460356
786.045	0.0318572
788.038	0.0176789
790.029	0.0111811
792.021	0.00468299
794.011	-0.0117532
796.002	-0.00695702
797.991	-0.0116471
799.98	-0.0172408
801.969	-0.00611928
803.957	-0.00739245
805.944	0.0138848
807.931	0.0166398
809.917	0.0225572
811.903	0.00904878
813.888	0.00999675
815.872	0.0308221
817.856	0.0439676
819.839	0.0309109
821.822	0.0548986
823.804	0.0535877
825.786	0.0667331
827.767	0.0852997
829.748	0.0573349
831.728	0.0664144
833.707	0.0538094
835.686	0.0637925
837.664	0.0579638
839.642	0.0440035
841.619	0.0490171
843.596	0.055386
845.572	0.0969922
847.547	0.0794178
849.522	0.0898525
851.497	0.103901
853.47	0.0967173
855.444	0.116639
857.416	0.090481
859.388	0.101367
861.36	0.0855999
863.331	0.0910651
865.302	0.0888505
867.271	0.0807628
869.241	0.0871316
871.21	0.0532936
873.178	0.0912856
875.145	0.0818426
877.113	0.0882113
879.079	0.116264
881.045	0.0914616
883.011	0.073887
884.975	0.0969707
886.94	0.0617774
888.904	0.069953
890.867	0.0731593
892.829	0.0763655
894.792	0.0840894
896.753	0.0845851
898.714	0.0679138
900.675	0.0887387
902.635	0.0707121
904.594	0.0730148
906.553	0.068541
908.511	0.0604532
910.469	0.071791
912.426	0.069576
914.382	0.0809138
916.339	0.0701154
918.294	0.0886813
920.249	0.0864663
922.203	0.0919312
924.157	0.0946855
926.111	0.096988
928.063	0.105163
930.016	0.105207
931.967	0.105251
933.918	0.121558
935.869	0.1085
937.819	0.103123
939.769	0.11175
941.718	0.111342
943.666	0.0924116
945.614	0.0811611
947.561	0.0789459
949.508	0.0925424
951.454	0.0957482
953.4	0.0998577
955.345	0.0886071
957.29	0.101752
959.234	0.0941154
961.177	0.0928035
963.12	0.101882
965.063	0.0951494
967.004	0.0979033
968.946	0.105627
970.887	0.0853409
972.827	0.0880949
974.767	0.0813619
976.706	0.0777913
978.645	0.0841593
980.583	0.0869133
982.52	0.0815355
984.457	0.069833
986.394	0.0748458
988.33	0.0712751
990.265	0.0817089
992.2	0.0885286
994.134	0.0741155
996.068	0.0709965
998.002	0.106277
999.934	0.188089
1001.87	0.331792
1003.8	0.372494
1005.73	0.271795
1007.66	0.16477
1009.59	0.111506
1011.52	0.10658
1013.45	0.100298
1015.38	0.0782052
1017.31	0.0651473
1019.23	0.0570586
1021.16	0.0634264
1023.09	0.0526274
1025.01	0.0598986
1026.94	0.0793675
1028.86	0.106516
1030.79	0.112432
1032.71	0.128287
1034.63	0.116584
1036.56	0.0732581
1038.48	0.0764634
1040.4	0.0950286
1042.32	0.0846811
1044.24	0.0761406
1046.16	0.0712143
1048.08	0.0680949
1050	0.0708484
1051.92	0.0826372
1053.84	0.088553
1055.75	0.0759465
1057.67	0.0945116
1059.59	0.0968135
1061.5	0.100019
1063.42	0.111355
1065.33	0.103267
1067.25	0.107375
1069.16	0.11058
1071.07	0.132759
1072.99	0.112473
1074.9	0.122906
1076.81	0.139213
1078.72	0.140611
1080.63	0.120324
1082.54	0.128499
1084.45	0.139835
1086.36	0.14801
1088.27	0.143535
1090.18	0.151258
1092.08	0.136392
1093.99	0.140049
1095.9	0.136929
1097.8	0.139682
1099.71	0.146953
1101.61	0.15061
1103.52	0.125354
1105.42	0.111392
1107.32	0.101948
1109.23	0.0888894
1111.13	0.0690544
1113.03	0.0853603
1114.93	0.0691395
1116.83	0.070989
1118.73	0.0836809
1120.63	0.0697188
1122.53	0.0946082
1124.43	0.0973613
1126.33	0.100566
1128.23	0.0748583
1130.12	0.0658654
1132.02	0.0519034
1133.92	0.0257437
1135.81	0.00545681
1137.71	0.000529959
1139.6	0.00102407
1141.5	-0.00570982
1143.39	-0.0219309
1145.28	0.00505148
1147.17	-0.00463435
1149.07	-0.00347429
1150.96	-0.00457667
1152.85	0.0196196
1154.74	0.00812668
1156.63	0.0151559
1158.52	0.0158606
1160.41	0.0111441
1162.3	0.00687943
1164.18	0.00486977
1166.07	0.0137061
1167.96	0.0103448
1169.84	0.0286644
1171.73	0.0542159
1173.62	0.0467889
1175.5	0.0325817
1177.38	0.0368967
1179.27	0.0141098
1181.15	0.025653
1183.03	0.0209328
1184.92	0.0184751
1186.8	0.0227901
1188.68	0.0352368
1190.56	0.0427141
1192.44	0.0352833
1194.32	0.0386948
1196.2	0.0393957
1198.08	0.0757857
1199.96	0.0886841
1201.83	0.105645
1203.71	0.128934
1205.59	0.136411
1207.47	0.137112
1209.34	0.150007
1211.22	0.126764
1213.09	0.129268
1214.97	0.132228
1216.84	0.134732
1218.71	0.146724
1220.59	0.148328
1222.46	0.16303
1224.33	0.164631
1226.2	0.175266
1228.07	0.189968
1229.94	0.202411
1231.81	0.199043
1233.68	0.20245
1235.55	0.185529
1237.42	0.196165
1239.29	0.20138
1241.15	0.210205
1243.02	0.222196
1244.89	0.204823
1246.75	0.222683
1248.62	0.219314
1250.48	0.201034
1252.35	0.22974
1254.21	0.231789
1256.07	0.213508
1257.94	0.216464
1259.8	0.227548
1261.66	0.216948
1263.52	0.235712
1265.38	0.214721
1267.24	0.23755
1269.1	0.206621
1270.96	0.223126
1272.82	0.205749
1274.68	0.225416
1276.54	0.219333
1278.39	0.208277
1280.25	0.22162
1282.11	0.197918
1283.96	0.213516
1285.82	0.215565
1287.67	0.233422
1289.53	0.222369
1291.38	0.244743
1293.24	0.22827
1295.09	0.245675
1296.94	0.256303
1298.79	0.266932
1300.65	0.313253
1302.5	0.299938
1304.35	0.296562
1306.2	0.288217
1308.05	0.292069
1309.9	0.283723
1311.74	0.287572
1313.59	0.269287
1315.44	0.280819
1317.29	0.258017
1319.13	0.271805
1320.98	0.267073
1322.83	0.250596
1324.67	0.246313
1326.52	0.255134
1328.36	0.243171
1330.2	0.239791
1332.05	0.239125
1333.89	0.25743
1335.73	0.243208
1337.57	0.233052
1339.42	0.232838
1341.26	0.235783
1343.1	0.204845
1344.94	0.209597
1346.78	0.183629
1348.62	0.174828
1350.45	0.174607
1352.29	0.145477
1354.13	0.142549
1355.97	0.156336
1357.8	0.133075
1359.64	0.145507
1361.47	0.140316
1363.31	0.131967
1365.14	0.116837
1366.98	0.110295
1368.81	0.107363
1370.65	0.117085
1372.48	0.109635
1374.31	0.0949577
1376.14	0.107837
1377.97	0.0859317
1379.8	0.0829999
1381.63	0.0832304
1383.46	0.0784916
1385.29	0.0940819
1387.12	0.0925054
1388.95	0.0864113
1390.78	0.0961288
1392.61	0.0895829
1394.43	0.0852921
1396.26	0.0891367
1398.09	0.0889154
1399.91	0.0688129
1401.74	0.0884692
1403.56	0.0810161
1405.39	0.0835053
1407.21	0.0769557
1409.03	0.0726649
1410.86	0.0832859
1412.68	0.0830609
1414.5	0.0923229
1416.32	0.0988743
1418.14	0.108136
1419.96	0.106104
1421.78	0.108138
1423.6	0.112431
1425.42	0.122145
1427.24	0.138635
1429.06	0.157835
1430.88	0.168905
1432.69	0.2134
1434.51	0.226276
1436.33	0.258578
1438.14	0.281389
1439.96	0.32363
1441.77	0.316625
1443.59	0.338988
1445.4	0.348246
1447.21	0.343951
1449.03	0.353665
1450.84	0.347112
1452.65	0.317067
1454.46	0.333553
1456.27	0.299894
1458.08	0.298762
1459.89	0.263296
1461.7	0.24319
1463.51	0.243413
1465.32	0.232342
1467.13	0.20049
1468.94	0.191678
1470.75	0.153953
1472.55	0.148299
1474.36	0.147167
1476.16	0.138351
1477.97	0.124118
1479.78	0.114402
1481.58	0.113718
1483.38	0.110775
1485.19	0.0947347
1486.99	0.103538
1488.79	0.0766512
1490.6	0.0637732
1492.4	0.0526985
1494.2	0.0231016
1496	0.0224174
1497.8	0.0285097
1499.6	0.0129174
1501.4	0.0135884
1503.2	0.0120007
1505	0.00182954
1506.8	-0.00292045
1508.59	0.00768561
1510.39	0.0164884
1512.19	-0.00813914
1513.98	-0.00973056
1515.78	0.00358982
1517.58	-0.00296727
1519.37	-0.00862454
1521.17	-0.00607826
1522.96	0.0119101
1524.75	-0.0013142
1526.55	0.00147848
1528.34	-5.06797e-005
1530.13	-0.00609745
1531.92	0.00818502
1533.72	0.0071117
1535.51	0.00829311
1537.3	0.00314992
1539.09	0.00884887
1540.88	0.0113856
1542.67	0.00895294
1544.45	0.0187137
1546.24	0.0171846
1548.03	0.0237871
1549.82	0.0290343
1551.6	0.0247906
1553.39	0.0413319
1555.18	0.0456756
1556.96	0.0333001
1558.75	0.0394509
1560.53	0.0451459
1562.32	0.0540072
1564.1	0.0515704
1565.88	0.0536513
1567.67	0.0588986
1569.45	0.0790499
1571.23	0.0761613
1573.01	0.088181
1574.79	0.0893583
1576.57	0.0801451
1578.35	0.0885506
1580.13	0.0928903
1581.91	0.0931641
1583.69	0.0920826
1585.47	0.0851283
1587.25	0.0736563
1589.02	0.0757331
1590.8	0.0696823
1592.58	0.0527892
1594.35	0.0620941
1596.13	0.0718549
1597.91	0.0793569
1599.68	0.082789
1601.45	0.0902869
1603.23	0.0932713
1605	0.108449
1606.77	0.101942
1608.55	0.0836941
1610.32	0.0907402
1612.09	0.102304
1613.86	0.0994114
1615.63	0.115041
1617.4	0.110793
1619.17	0.0993171
1620.94	0.107719
1622.71	0.0822379
1624.48	0.0996746
1626.25	0.11169
1628.02	0.0961482
1629.78	0.0968656
1631.55	0.114754
1633.32	0.119541
1635.08	0.13607
1636.85	0.130015
1638.61	0.151062
1640.38	0.165336
1642.14	0.181866
1643.91	0.19614
1645.67	0.214928
1647.43	0.23236
1649.19	0.257924
1650.96	0.295239
1652.72	0.309509
1654.48	0.338236
1656.24	0.362896
1658	0.33696
1659.76	0.331804
1661.52	0.327101
1663.28	0.298454
1665.04	0.290588
1666.8	0.291305
1668.55	0.268075
1670.31	0.257498
1672.07	0.244663
1673.82	0.214657
1675.58	0.217633
1677.34	0.198473
1679.09	0.198734
1680.84	0.185895
1682.6	0.164928
1684.35	0.17558
1686.11	0.154613
1687.86	0.144032
1689.61	0.137969
1691.36	0.130099
1693.12	0.105066
1694.87	0.109845
1696.62	0.0906812
1698.37	0.0927498
1700.12	0.0713269
1701.87	0.0752025
1703.62	0.0646219
1705.36	0.0468089
1707.11	0.0425529
1708.86	0.043718
1710.61	0.0344926
1712.35	0.0352019
1714.1	0.0259765
1715.85	0.0144923
1717.59	0.0273991
1719.34	0.0231431
1721.08	0.0211418
1722.83	0.0114646
1724.57	0.0103669
1726.31	0.00926915
1728.06	0.0068202
1729.8	0.0138541
1731.54	0.0145634
1733.28	0.0130138
1735.03	0.017793
1736.77	0.0239234
1738.51	0.0187598
1740.25	0.0221796
1741.99	0.0255995
1743.73	0.00552773
1745.47	0.0103029
1747.2	0.00423162
1748.94	0.0135244
1750.68	0.0115231
1752.42	-0.000416963
1754.15	0.0124858
1755.89	9.39698e-005
1757.62	0.00667207
1759.36	-0.0039127
1761.1	0.003573
1762.83	-0.0107191
1764.56	-0.000616042
1766.3	0.00114992
1768.03	-0.00468189
1769.76	0.00275165
1771.5	0.00665321
1773.23	0.0013142
1774.96	-0.00554433
1776.69	-0.00447652
1778.42	0.00780313
1780.15	-0.00542113
1781.88	0.00332661
1783.61	0.00427121
1785.34	-0.00254628
1787.07	-0.00349089
1788.8	0.00303913
1790.53	-0.00706174
1792.25	0.00993874
1793.98	0.000369647
1795.71	-0.00468189
1797.43	-0.000551686
1799.16	0.000868338
1800.88	-0.00494017
1802.61	-0.00848951
1804.33	0.00422414
1806.06	0.00428891
1807.78	-0.00106786
1809.51	-9.95947e-005
1811.23	-0.000486999
1812.95	0.00996788
1814.67	-0.00126178
1816.39	0.00151317
1818.12	-0.00790907
1819.84	0.00254579
1821.56	0.00667602
1823.28	-0.00545717
1825	-0.00448926
1826.72	0.00235151
1828.43	0.00874015
1830.15	0.0020281
1831.87	-0.00242513
1833.59	-0.00868542
1835.31	-0.00229639
1837.02	-0.000877106
1838.74	0.00189781
1840.45	-0.00120051
1842.17	-0.00881609
1843.88	-0.00649329
1845.6	0.00215455
1847.31	-0.00365434
1849.03	0.00183114
1850.74	-0.00307423
1852.45	0.00421794
1854.17	0.00292701
1855.88	-0.00468892
1857.59	0.00260325
1859.3	-0.00456093
1861.01	0.00273124
1862.72	-0.00669173
1864.43	-0.0016584
1866.14	0.00111617
1867.85	-0.000626879
1869.56	0.0030512
1871.27	0.00447048
1872.98	-0.00269369
1874.69	-0.00308145
1876.39	-0.0034696
1878.1	-0.00205032
1879.81	-0.00740745
1881.51	-0.00101919
1883.22	-0.0140563
1884.92	0.00814363
1886.63	-0.00398991
1888.33	-0.00211926
1890.04	-0.0178669
1891.74	0.00614008
1893.44	0.00123432
1895.15	0.00129832
1896.85	-0.00225216
1898.55	0.00368434
1900.25	-0.00302843
1901.95	0.000649268
1903.66	0.0111038
1905.36	-0.0118724
1907.06	0.00174404
1908.76	-0.00180644
1910.45	0.00684024
1912.15	0.00961445
1913.85	0.00561221
1915.55	0.00386878
1917.25	0.00664298
1918.94	0.00309212
1920.64	-0.00497593
1922.34	0.00728522
1924.03	0.00463791
1925.73	-0.00297841
1927.42	-0.00110812
1929.12	0.0034731
1930.81	0.000374032
1932.51	-0.00272468
1934.2	4.91356e-005
1935.9	0.00191979
1937.59	0.00469361
1939.28	-0.00337483
1940.97	-0.000149282
1942.66	-0.00370011
1944.36	0.00178463
1946.05	0.00997957
1947.74	0.00145937
1949.43	0.00332967
1951.12	0.00203761
1952.81	0.00526319
1954.49	-0.00416092
1956.18	0.00177522
1957.87	0.00590432
1959.56	0.00506405
1961.25	0.00422376
1962.93	-0.00700739
1964.62	-0.00287829
1966.31	-0.0055256
1967.99	0.004476
1969.68	0.00273221
1971.36	0.00686092
1973.05	0.00195481
1974.73	-0.00385521
1976.41	-0.00514763
1978.1	0.00395084
1979.78	0.00356194
1981.46	-0.00134456
1983.15	-0.00444363
1984.83	0.0123344
1986.51	0.0101385
1988.19	-0.0010927
1989.87	0.00619834
1991.55	-0.00232222
1993.23	0.000451209
1994.91	0.00864577
1996.59	-0.000778339
1998.27	-0.00116723
1999.95	-0.00381493
2001.62	-0.00646299
2003.3	0.0071527
2004.98	0.00043916
2006.65	0.00321223
2008.33	-0.000790747
2010.01	0.00966262
2011.68	-0.00473122
2013.36	0.000301018
2015.03	-0.000540023
2016.71	0.00313696
2018.38	-0.00628754
2020.05	-0.00351446
2021.73	-0.0034516
2023.4	-0.00158204
2025.07	-0.00287485
2026.74	0.00595503
2028.42	0.00438564
2030.09	0.00101053
2031.76	-0.000557587
2033.43	-0.000318637
2035.1	0.00443792
2036.77	0.00512863
2038.44	-0.000957069
2040.11	0.00741357
2041.78	-0.00454502
2043.44	0.00156809
2045.11	-0.00587289
2046.78	0.00521579
2048.45	0.00201238
2050.11	0.000862465
2051.78	-0.00254628
2053.45	-0.0017249
2055.11	-0.00381942
2056.78	-0.00135528
2058.44	-0.000821381
2060.11	0.00180704
2061.77	0.00644785
2063.43	-0.00312127
2065.1	0.00135528
2066.76	0.00492831
2068.42	0.00484617
2070.08	-0.00521579
2071.75	-0.00652999
2073.41	0.00102672
2075.07	-0.00710497
2076.73	-0.000780324
2078.39	0.00303913
2080.05	0.00538007
2081.71	-0.00280178
2083.37	0.00573152
2085.03	0.00387435
2086.68	0.00156569
2088.34	-0.00209855
2090	0.00733827
2091.66	-0.00581295
2093.31	0.0045277
2094.97	-0.00772
2096.63	0.00126509
2098.28	-0.00194709
2099.94	-0.00425605
2101.59	-0.00340238
2103.25	0.00693796
2104.9	0.00191874
2106.55	0.00457945
2108.21	-0.00269885
2109.86	0.00357595
2111.51	-0.00641264
2113.16	-0.00601073
2114.82	-0.00425384
2116.47	0.00292448
2118.12	0.000615822
2119.77	-0.00575868
2121.42	0.0131654
2123.07	-0.00043723
2124.72	0.00674109
2126.37	-8.51739e-005
2128.02	-0.00510439
2129.67	0.00297745
2131.32	-0.00430058
2132.96	0.001071
2134.61	0.000569388
2136.26	0.00458541
2137.9	-0.00992048
2139.55	0.00493777
2141.2	0.00172559
2142.84	-0.00148628
2144.49	-0.000180853
2146.13	-0.00158568
2147.78	0.00197855
2149.42	0.00825365
2151.06	-0.00896281
2152.71	-0.00223622
2154.35	0.00403888
2155.99	0.0089587
2157.63	0.000325696
2159.28	0.00750402
2160.92	0.00112982
2162.56	0.00604963
2164.2	-0.00122809
2165.84	-0.000374114
2167.48	0.00319042
2169.12	-0.0018285
2170.76	0.00489837
2172.4	-0.00283109
2174.04	-0.00739824
2175.67	0.00249125
2177.31	0.00153818
2178.95	-0.00573955
2180.59	-0.00262677
2182.22	0.00816624
2183.86	0.00947198
2185.5	-0.00141983
2187.13	-0.00843288
