279.726	0.0264686
281.87	0.0324196
284.012	0.0072283
286.155	0.0201843
288.296	0.0167894
290.437	0.017287
292.577	-0.001679
294.717	0.0221719
296.856	9.0564e-005
298.994	0.014597
301.131	0.000297921
303.268	-0.00933019
305.404	-0.0119532
307.54	-0.00990522
309.675	0.0201669
311.809	0.00586395
313.943	0.00401675
316.075	-0.00328245
318.208	-0.0168083
320.339	-0.00308973
322.47	0.00907199
324.601	0.00488533
326.73	0.00848099
328.859	-0.000379172
330.987	0.0102215
333.115	0.00447394
335.242	-0.000496439
337.368	-0.0155885
339.494	-0.0190033
341.619	-0.00373565
343.744	-0.00481624
345.867	-0.000450064
347.99	-0.026445
350.113	0.00283286
352.234	-0.0130443
354.356	-0.00167301
356.476	-0.0167731
358.596	-0.0038475
360.715	-0.0119424
362.834	0.00253883
364.951	-0.00010938
367.069	-0.0222184
369.185	-0.010855
371.301	-0.00961214
373.416	0.00408536
375.531	0.00065609
377.645	-0.0136735
379.758	-0.00620654
381.871	-0.00418904
383.983	0.00637616
386.094	-0.0243556
388.205	-0.00111214
390.315	0.00270428
392.425	-0.012163
394.534	-0.0153534
396.642	-0.000638795
398.749	-0.00149426
400.856	0.011663
402.962	-9.17044e-005
405.068	-0.000947549
407.173	0.012209
409.277	0.0183589
411.381	0.0143885
413.484	0.0213165
415.586	0.00099706
417.688	0.0203806
419.789	0.0156306
421.89	-0.00313211
423.99	0.0115798
426.089	0.0231775
428.187	-0.000257248
430.285	0.0113401
432.383	0.0112601
434.479	0.002616
436.575	-0.00524958
438.671	-0.00377338
440.765	0.0023732
442.86	-0.00160031
444.953	-0.0125808
447.046	-0.0111055
449.138	0.00204677
451.23	0.0113066
453.321	-0.00346034
455.411	0.00434888
457.501	0.00125934
459.59	0.012961
461.678	0.00364337
463.766	-0.0126806
465.853	-0.00253589
467.94	-0.0258662
470.026	-0.00637978
472.111	-0.0149188
474.196	0.00456764
476.28	0.00692744
478.363	-0.00550417
480.446	-0.000808994
482.528	-0.00623409
484.609	0.0202588
486.69	0.0140551
488.771	0.0125224
490.85	0.014882
492.929	0.0156847
495.008	0.00325308
497.085	0.0157332
499.163	0.00485843
501.239	0.00566116
503.315	-0.00754903
505.39	0.00648792
507.465	-0.0113931
509.539	0.00731478
511.612	0.00188949
513.685	-0.0152131
515.757	0.0284064
517.829	0.0315445
519.9	0.0276762
521.97	0.00590253
524.04	0.00748365
526.109	0.0121786
528.177	0.0192092
530.245	0.0277966
532.312	0.0083585
534.379	0.0114965
536.445	0.00140018
538.51	0.018551
540.575	0.0146826
542.639	0.0108142
544.703	0.0139522
546.766	0.00152039
548.828	0.0155572
550.89	0.00390385
552.951	0.0163837
555.011	0.0132937
557.071	0.00397588
559.13	-0.0146839
561.189	-0.00142555
563.247	0.0141682
565.304	0.00329328
567.361	0.00253874
569.417	0.0119046
571.473	0.00725757
573.528	-0.00128187
575.582	0.00341292
577.636	-0.00356953
579.689	-0.000431628
581.741	-0.0058572
583.793	-0.0182891
585.845	0.00275398
587.895	-0.0260263
589.945	-0.0104325
591.995	-0.00262379
594.044	-0.00104296
596.092	-0.00958249
598.14	-0.000995254
600.187	-0.0212121
602.233	-0.00561858
604.279	-0.0180506
606.324	-0.0258116
608.369	-0.0281233
610.413	-0.02265
612.456	-0.0241833
614.499	-0.0303873
616.541	-0.0101228
618.583	-0.00932059
620.624	0.0109439
622.665	0.019531
624.704	-0.0170342
626.744	-0.0216814
628.782	-0.0123158
630.82	-0.0294188
632.858	-0.0223886
634.895	-0.016137
636.931	-0.00521442
638.966	-0.000519817
641.001	0.0205231
643.036	0.0213253
645.07	0.0236844
647.103	0.0019104
649.136	-0.0144142
651.168	0.00818564
653.199	-0.0182593
655.23	-0.0190142
657.26	-0.00964863
659.29	0.000495394
661.319	0.000518961
663.348	-0.0119132
665.375	0.0122436
667.403	0.000589854
669.43	0.0021704
671.456	0.00764349
673.481	-0.0188016
675.506	-0.00087276
677.53	-0.00240617
679.554	-0.0117245
681.577	0.00386888
683.6	-0.00389245
685.622	-0.00531981
687.643	-0.0106393
689.664	-0.00500459
691.684	0.00837808
693.704	-0.0190174
695.723	0.0109988
697.742	0.00442614
699.759	-0.00759484
701.777	0.0045167
703.793	-0.00983927
705.81	0.00149435
707.825	0.00348724
709.84	0.016379
711.854	0.0175939
713.868	-0.00454578
715.881	0.0246954
717.894	0.00722716
719.906	0.0302409
721.917	0.033793
723.928	0.0443515
725.939	0.0510176
727.948	0.039001
729.957	0.0269844
731.966	0.00251194
733.974	0.0115151
735.981	-0.00439278
737.988	0.0155098
739.994	0.00115947
742	0.0272905
744.005	0.026175
746.01	0.0491927
748.013	0.0340655
750.017	0.0189377
752.02	0.0147094
754.022	0.00191819
756.023	0.0335015
758.024	0.0137044
760.025	0.00792022
762.025	0.0200417
764.024	-0.00676056
766.023	0.0263808
768.021	0.0198198
770.018	0.0179303
772.015	0.0222686
774.012	0.0437338
776.008	0.0395093
778.003	0.0594186
779.998	0.0505237
781.992	0.0657626
783.985	0.0412991
785.978	0.0417473
787.971	0.0281826
789.962	0.00994817
791.954	0.00105493
793.944	0.00539726
795.935	-0.00271692
797.924	0.0171957
799.913	-0.00648716
801.902	-0.00214427
803.889	0.00609212
805.877	0.00342908
807.863	-0.000789798
809.85	0.0253519
811.835	-0.00455671
813.82	0.00679477
815.805	0.0189247
817.789	0.0185994
819.772	0.0190531
821.755	0.0257347
823.737	0.0207395
825.718	0.0274223
827.699	0.0294342
829.68	0.0376739
831.66	0.0272304
833.639	0.0191229
835.618	0.0141294
837.596	0.0138075
839.574	0.00725757
841.551	-0.000848812
843.528	0.0221844
845.504	0.0382118
847.479	0.0254357
849.454	0.0585904
851.428	0.062163
853.402	0.0377102
855.375	0.0638595
857.348	0.0409641
859.32	0.042981
861.292	0.0208646
863.263	0.0236604
865.233	-0.0109106
867.203	0.0121265
869.172	0.00869557
871.141	0.000593655
873.109	0.0306383
875.077	0.0303218
877.044	0.0300061
879.01	0.0040005
880.976	0.017698
882.942	0.00726232
884.906	0.0201825
886.871	0.00429794
888.834	0.00554123
890.798	-0.00177935
892.76	0.00880638
894.722	0.00615788
896.684	-0.0120605
898.645	-0.0108161
900.605	-0.0010077
902.565	-0.016111
904.524	0.0053753
906.483	0.0106393
908.441	0.00392457
910.399	0.0143366
912.356	-0.000941657
914.313	-0.00609963
916.269	-0.00191581
918.224	0.024844
920.179	0.0165719
922.134	0.00129327
924.087	-0.00775772
926.041	0.0314578
927.993	0.0301916
929.946	0.0304825
931.897	0.040115
933.848	0.0388486
935.799	0.0266834
937.749	0.016075
939.698	0.0241502
941.647	0.028333
943.596	0.0301803
945.543	0.0374767
947.491	0.0144121
949.437	0.0536265
951.384	0.0235554
953.329	0.0222882
955.274	0.010122
957.219	0.0197536
959.163	0.0122583
961.106	-0.000686595
963.049	0.0338563
964.992	0.00456317
966.934	0.0118588
968.875	0.0277177
970.816	0.0334562
972.756	0.0275173
974.696	0.00678708
976.635	0.032766
978.573	0.0244913
980.512	0.0131028
982.449	0.033632
984.386	0.0417055
986.323	0.0170823
988.259	0.0586307
990.194	0.0378997
992.129	0.0366309
994.063	0.0244631
995.997	0.0255297
997.93	0.0849828
999.863	0.18336
1001.8	0.276289
1003.73	0.292147
1005.66	0.207579
1007.59	0.115226
1009.52	0.104614
1011.45	0.0519647
1013.38	0.0592585
1015.31	0.024514
1017.23	0.0372558
1019.16	0.0336509
1021.09	0.01759
1023.01	0.0241039
1024.94	0.0384042
1026.86	0.0643804
1028.79	0.0732312
1030.71	0.0867515
1032.64	0.0940455
1034.56	0.0390587
1036.48	0.0362308
1038.41	0.0427461
1040.33	0.04926
1042.25	0.0347547
1044.17	0.0428256
1046.09	0.0617953
1048.01	0.0410621
1049.93	0.0257783
1051.84	0.0572024
1053.76	0.0263488
1055.68	0.0453185
1057.6	0.0502755
1059.51	0.0552309
1061.43	0.0329407
1063.34	0.0511305
1065.26	0.0257263
1067.17	0.0524794
1069.09	0.0706706
1071	0.048379
1072.91	0.0603408
1074.82	0.0598469
1076.74	0.047677
1078.65	0.0658668
1080.56	0.0754932
1082.47	0.0711066
1084.38	0.0745051
1086.29	0.0786821
1088.19	0.0875285
1090.1	0.111168
1092.01	0.0943254
1093.92	0.09461
1095.82	0.0816585
1097.73	0.088171
1099.63	0.0946819
1101.54	0.0747257
1103.44	0.102256
1105.35	0.0636159
1107.25	0.0701268
1109.15	0.0423842
1111.06	0.0512321
1112.96	0.0756482
1114.86	0.0315573
1116.76	0.0474101
1118.66	0.0508072
1120.56	0.0378559
1122.46	0.0529302
1124.36	0.064112
1126.25	0.0573871
1128.15	0.0600056
1130.05	0.0548392
1131.95	0.0379955
1133.84	-0.000647538
1135.74	-0.00892792
1137.63	-0.0203237
1139.53	-0.0184837
1141.42	-0.00496791
1143.31	-0.00546482
1145.21	-0.0168592
1147.1	-0.0142422
1148.99	-0.000726318
1150.88	-0.0144577
1152.77	-0.00759959
1154.66	-0.0134204
1156.55	0.00644896
1158.44	0.0263182
1160.33	-0.00674973
1162.22	0.0162336
1164.11	-0.00282155
1166	0.0217187
1167.88	0.0190097
1169.77	0.0170813
1171.65	0.0322776
1173.54	0.0178934
1175.42	0.0291972
1177.31	0.0311613
1179.19	0.0152179
1181.08	0.0304163
1182.96	0.0362707
1184.84	0.0226628
1186.72	0.0331881
1188.6	0.0429349
1190.49	0.0355571
1192.37	0.0445255
1194.25	0.0605002
1196.12	0.0554535
1198	0.0566369
1199.88	0.0858461
1201.76	0.133739
1203.64	0.117796
1205.51	0.161015
1207.39	0.121717
1209.26	0.150924
1211.14	0.151329
1213.01	0.136941
1214.89	0.142016
1216.76	0.155653
1218.64	0.146717
1220.51	0.156461
1222.38	0.15375
1224.25	0.189963
1226.12	0.186474
1227.99	0.192326
1229.86	0.1974
1231.73	0.256189
1233.6	0.213775
1235.47	0.232083
1237.34	0.208353
1239.21	0.215762
1241.08	0.215386
1242.94	0.238363
1244.81	0.225531
1246.67	0.225154
1248.54	0.207651
1250.4	0.216615
1252.27	0.201448
1254.13	0.211969
1256	0.227942
1257.86	0.215108
1259.72	0.236528
1261.58	0.218245
1263.44	0.213196
1265.3	0.201919
1267.17	0.20855
1269.03	0.208951
1270.88	0.186773
1272.74	0.199629
1274.6	0.207815
1276.46	0.183304
1278.32	0.199274
1280.17	0.179432
1282.03	0.185282
1283.89	0.206702
1285.74	0.196202
1287.6	0.215286
1289.45	0.226583
1291.3	0.244108
1293.16	0.232832
1295.01	0.224667
1296.86	0.211053
1298.72	0.255827
1300.57	0.24377
1302.42	0.250396
1304.27	0.276485
1306.12	0.265206
1307.97	0.259376
1309.82	0.245762
1311.67	0.267958
1313.51	0.276918
1315.36	0.312349
1317.21	0.260588
1319.06	0.25943
1320.9	0.269946
1322.75	0.243098
1324.59	0.266849
1326.44	0.278146
1328.28	0.26453
1330.13	0.253251
1331.97	0.295686
1333.81	0.28674
1335.65	0.270788
1337.5	0.259509
1339.34	0.256013
1341.18	0.234612
1343.02	0.239679
1344.86	0.223727
1346.7	0.198433
1348.54	0.185595
1350.37	0.163413
1352.21	0.170816
1354.05	0.153307
1355.89	0.145918
1357.72	0.157211
1359.56	0.168507
1361.39	0.133869
1363.23	0.135043
1365.06	0.161906
1366.9	0.171645
1368.73	0.131557
1370.57	0.13896
1372.4	0.127677
1374.23	0.135077
1376.06	0.121459
1377.89	0.10784
1379.72	0.122247
1381.55	0.0992865
1383.38	0.123035
1385.21	0.10241
1387.04	0.109811
1388.87	0.103199
1390.7	0.114492
1392.53	0.0969806
1394.35	0.111385
1396.18	0.0938743
1398.01	0.102053
1399.83	0.103224
1401.66	0.0927192
1403.48	0.0861048
1405.31	0.084942
1407.13	0.0861125
1408.95	0.0974034
1410.78	0.120374
1412.6	0.112202
1414.42	0.114151
1416.24	0.118436
1418.06	0.1126
1419.88	0.1091
1421.7	0.126618
1423.52	0.120783
1425.34	0.114168
1427.16	0.125459
1428.98	0.138307
1430.79	0.162051
1432.61	0.17957
1434.43	0.190083
1436.24	0.220833
1438.06	0.264042
1439.88	0.280783
1441.69	0.276502
1443.5	0.301025
1445.32	0.343455
1447.13	0.326718
1448.94	0.32088
1450.76	0.33295
1452.57	0.294415
1454.38	0.304147
1456.19	0.285853
1458	0.285464
1459.81	0.286633
1461.62	0.261332
1463.43	0.243038
1465.24	0.224744
1467.05	0.222799
1468.86	0.223967
1470.66	0.183095
1472.47	0.16558
1474.28	0.155849
1476.08	0.160908
1477.89	0.152734
1479.69	0.145337
1481.5	0.140277
1483.3	0.121981
1485.11	0.099795
1486.91	0.114196
1488.71	0.0896716
1490.51	0.0776035
1492.32	0.0733224
1494.12	0.0705961
1495.92	0.0468507
1497.72	0.0495739
1499.52	0.0125941
1501.32	0.0269945
1503.12	0.00480607
1504.92	0.00986473
1506.71	0.00168689
1508.51	0.012195
1510.31	0.00401931
1512.11	-0.00415635
1513.9	-0.00610628
1515.7	-0.00649704
1517.49	-0.0247953
1519.29	-0.0111732
1521.08	0.00867457
1522.88	0.0143835
1524.67	-0.00589351
1526.46	-0.0152718
1528.26	0.0135002
1530.05	0.00256506
1531.84	0.00175018
1533.63	-0.007628
1535.42	0.00868398
1537.21	0.00475514
1539	0.00938977
1540.79	0.0109104
1542.58	0.0248869
1544.37	0.0225151
1546.16	0.0302637
1547.95	0.0302273
1549.73	0.0262945
1551.52	0.0270366
1553.31	0.0511334
1555.09	0.0394156
1556.88	0.0658479
1558.66	0.0588011
1560.45	0.0540937
1562.23	0.075851
1564.02	0.0812642
1565.8	0.0765527
1567.58	0.0967529
1569.36	0.094377
1571.15	0.0842204
1572.93	0.112984
1574.71	0.118393
1576.49	0.116017
1578.27	0.105078
1580.05	0.126056
1581.83	0.110446
1583.61	0.114298
1585.39	0.107251
1587.16	0.107985
1588.94	0.10016
1590.72	0.0884419
1592.49	0.0603716
1594.27	0.0829073
1596.05	0.0875379
1597.82	0.0789298
1599.6	0.0944592
1601.37	0.113098
1603.14	0.127845
1604.92	0.123134
1606.69	0.140216
1608.46	0.139393
1610.23	0.122221
1612.01	0.098826
1613.78	0.14082
1615.55	0.104965
1617.32	0.119711
1619.09	0.146914
1620.86	0.12585
1622.63	0.141375
1624.4	0.12109
1626.16	0.103914
1627.93	0.140459
1629.7	0.123287
1631.47	0.120129
1633.23	0.14577
1635	0.162852
1636.76	0.162025
1638.53	0.172101
1640.29	0.183729
1642.06	0.186799
1643.82	0.221003
1645.58	0.233411
1647.35	0.248936
1649.11	0.263678
1650.87	0.304889
1652.63	0.313404
1654.39	0.335153
1656.15	0.35301
1657.92	0.358414
1659.67	0.336564
1661.43	0.347414
1663.19	0.341137
1664.95	0.345759
1666.71	0.351938
1668.47	0.323864
1670.22	0.32926
1671.98	0.31987
1673.74	0.322157
1675.49	0.311205
1677.25	0.268339
1679	0.27685
1680.76	0.289257
1682.51	0.230817
1684.27	0.259572
1686.02	0.24395
1687.77	0.218207
1689.53	0.197917
1691.28	0.207985
1693.03	0.20871
1694.78	0.17129
1696.53	0.126084
1698.28	0.123696
1700.03	0.124422
1701.78	0.0947861
1703.53	0.105632
1705.28	0.0923448
1707.03	0.0627092
1708.77	0.0758865
1710.52	0.0563714
1712.27	0.0500905
1714.01	0.0352421
1715.76	0.0437526
1717.51	0.0289084
1719.25	0.0451996
1721	0.0210136
1722.74	0.021735
1724.48	0.0247919
1726.23	0.00916916
1727.97	0.013783
1729.71	0.0036056
1731.46	0.0206794
1733.2	0.013616
1734.94	0.00810952
1736.68	0.00960948
1738.42	0.0165588
1740.16	0.0126093
1741.9	0.00398886
1743.64	0.00938122
1745.38	0.017109
1747.12	0.000703701
1748.85	0.0138768
1750.59	0.00681335
1752.33	0.0129842
1754.07	0.00981318
1755.8	0.00508109
1757.54	0.00502402
1759.27	-0.0043791
1761.01	-0.000543717
1762.74	-0.00138341
1764.48	0.0141293
1766.21	5.53077e-005
1767.94	-0.00389839
1769.68	0.0139499
1771.41	-0.00868754
1773.14	0.00682105
1774.87	-0.00719176
1776.6	0.00159404
1778.33	-0.00229841
1780.06	-0.00185357
1781.79	-0.000407776
1783.52	-0.00203888
1785.25	-0.00489336
1786.98	-0.000407776
1788.71	0.00563478
1790.44	-0.00672687
1792.17	0.00348771
1793.89	-0.00186806
1795.62	-0.00722331
1797.35	-0.013357
1799.07	-0.00314304
1800.8	-0.00538428
1802.52	0.00560822
1804.25	0.00336693
1805.97	0.0019036
1807.69	-0.00189519
1809.42	0.00286997
1811.14	0.00685607
1812.86	-0.000835223
1814.58	-0.00229855
1816.31	-0.00376131
1818.03	-0.00600312
1819.75	-0.00279551
1821.47	-0.00036639
1823.19	0.00673362
1824.91	-0.00874247
1826.63	-0.0125413
1828.35	-0.00154881
1830.06	-0.00301266
1831.78	-0.00136202
1833.5	-0.00827478
1835.22	-0.00117472
1836.93	-0.00964502
1838.65	-0.000209495
1840.36	-0.00323032
1842.08	-0.0109216
1843.8	0.00941282
1845.51	-0.000614467
1847.22	-0.00597081
1848.94	-0.00120622
1850.65	0.00978576
1852.36	0.00442942
1854.08	-0.0141607
1855.79	-0.00783963
1857.5	-0.00930353
1859.21	-0.0107674
1860.92	0.00411701
1862.63	-0.00746721
1864.34	-0.00581715
1866.05	0.00751031
1867.76	-0.000959998
1869.47	-0.00398083
1871.18	0.000783194
1872.89	0.000876324
1874.6	0.00486185
1876.3	-0.000495014
1878.01	-0.0105222
1879.72	-0.00653672
1881.42	-0.000994732
1883.13	0.00376934
1884.83	-0.00937243
1886.54	-0.00382992
1888.24	-0.00451585
1889.95	0.00336218
1891.65	0.00345474
1893.35	-0.00268062
1895.06	-0.00258754
1896.76	-0.0126153
1898.46	-0.00240242
1900.16	-0.0069808
1901.86	-0.00688824
1903.56	0.00488167
1905.26	0.0259934
1906.96	-0.00661056
1908.66	-0.00729649
1910.36	0.00447342
1912.06	0.00612296
1913.76	-0.00390485
1915.46	-0.00381229
1917.16	-0.0122831
1918.85	-0.00129222
1920.55	-0.000421175
1922.25	-0.00422106
1923.94	-0.00101507
1925.64	-0.00325798
1927.33	0.00851136
1929.03	0.00548996
1930.72	-0.00298139
1932.42	-0.00366732
1934.11	0.00420956
1935.8	-0.00192632
1937.5	-0.00806167
1939.19	-0.0103052
1940.88	0.00146423
1942.57	0.00467023
1944.26	0.00398372
1945.95	-0.011494
1947.64	0.00105379
1949.33	-0.00586058
1951.02	-0.00265463
1952.71	-0.0103475
1954.4	-0.0118124
1956.09	-0.0070495
1957.78	0.00627686
1959.47	0.00714734
1961.15	-0.0130019
1962.84	-0.00356801
1964.53	0.00508741
1966.21	-0.000270552
1967.9	0.0099418
1969.58	0.0123687
1971.27	0.00234041
1972.95	0.00943828
1974.64	-0.0107104
1976.32	0.00806481
1978	-0.0136414
1979.69	0.00669129
1981.37	-0.0041161
1983.05	0.00142484
1984.73	-0.0140535
1986.42	0.0086147
1988.1	-0.0130915
1989.78	-0.00443669
1991.46	0.00811061
1993.14	0.00742364
1994.82	0.00206568
1996.5	0.00604959
1998.17	-0.00320139
1999.85	-0.0171227
2001.53	-0.0131388
2003.21	-0.00448392
2004.88	0.00728432
2006.56	0.00192641
2008.24	-0.00109608
2009.91	0.00600122
2011.59	0.00609269
2013.26	-0.0163926
2014.94	0.00549661
2016.61	-0.00764677
2018.29	0.00100808
2019.96	-0.00746441
2021.63	0.0105318
2023.31	0.00906629
2024.98	0.00448629
2026.65	0.00068479
2028.32	-0.000781293
2029.99	0.00398059
2031.67	-0.00526982
2033.34	-0.0129638
2035.01	-0.00119553
2036.68	-0.00266157
2038.34	0.00832766
2040.01	-0.00403723
2041.68	0.00928799
2043.35	-0.0116403
2045.02	0.00507871
2046.69	0.00240959
2048.35	-0.00489336
2050.02	-0.0042261
2051.69	0.0117876
2053.35	0.000556071
2055.02	-0.00359586
2056.68	-0.00322519
2058.35	0.0030769
2060.01	-0.00411487
2061.68	0.00800731
2063.34	0.00480075
2065	-0.00774764
2066.66	-0.00472629
2068.33	0.00685792
2069.99	-0.0111399
2071.65	0.000444838
2073.31	-0.00195734
2074.97	0.00809631
2076.63	-0.00598326
2078.29	0.00874133
2079.95	0.00789613
2081.61	0.00645034
2083.27	-0.00207594
2084.93	-0.00126039
2086.59	0.0012975
2088.25	-0.00370709
2089.9	0.000271502
2091.56	-0.0019773
2093.22	0.000444838
2094.87	-0.00180444
2096.53	0.00373166
2098.19	0.00226135
2099.84	-0.00192769
2101.5	-0.0118627
2103.15	0.00259495
2104.8	-0.00348467
2106.46	0.00897116
2108.11	-0.00452264
2109.76	0.00654883
2111.42	0.00438703
2113.07	-0.000111233
2114.72	-0.00248376
2116.37	-0.00140868
2118.02	0.0127153
2119.67	-0.00845215
2121.33	-0.000111233
2122.98	-0.00148286
2124.62	0.00793319
2126.27	0.00399755
2127.92	-0.00383058
2129.57	-0.00854471
2131.22	-0.0101449
2132.87	-0.00240323
2134.51	-0.00322467
2136.16	-0.00716036
2137.81	0.00836625
2139.45	-0.00646801
2141.1	0.00828005
2142.75	0.0105723
2144.39	0.0011875
2146.04	0.0120431
2147.68	-0.00590505
2149.32	-0.00283405
2150.97	0.000236673
2152.61	0.00252919
2154.25	0.00949264
2155.9	0.0164559
2157.54	0.00862801
2159.18	-0.00309229
2160.82	-0.0109201
2162.46	0.00772066
2164.1	0.00923468
2165.74	-0.00248562
2167.38	0.0068133
2169.02	0.00365639
2170.66	0.00361344
2172.3	-0.00577139
2173.94	0.0120909
2175.58	0.0112695
2177.22	-0.0105712
2178.85	-0.00127198
2180.49	-0.00754285
2182.13	-0.00914279
2183.76	0.00327033
2185.4	0.00711987
2187.03	-0.000707739
