279.726	0.0352071
281.87	0.0213443
284.012	0.0187751
286.155	0.00491129
288.296	-0.00088631
290.437	0.0336575
292.577	0.0117223
294.717	0.00430991
296.856	-0.0160127
298.994	0.0120733
301.131	-0.000183191
303.268	0.0166062
305.404	-0.00856064
307.54	0.0179096
309.675	0.0201739
311.809	-0.00822232
313.943	0.0343823
316.075	-0.00853887
318.208	0.00824616
320.339	-0.0153123
322.47	0.00631172
324.601	-0.00111018
326.73	-0.0133751
328.859	-0.00627626
330.987	-0.00240571
333.115	0.00953312
335.242	-0.0172569
337.368	0.00436182
339.494	0.00500289
341.619	-0.0153346
343.744	-0.000171668
345.867	0.00530722
347.99	-0.000509488
350.113	-0.00148513
352.234	0.00721891
354.356	-0.0179628
356.476	-0.00925972
358.596	0.0188072
360.715	-0.00153664
362.834	-0.00897124
364.951	-0.00833972
367.069	-0.00932068
369.185	-0.0215995
371.301	-0.00321875
373.416	0.0119336
375.531	-0.00518716
377.645	-0.0255363
379.758	-0.00877239
381.871	0.00153684
383.983	-0.0106808
386.094	0.000230565
388.205	-0.00660827
390.315	-0.0177
392.425	0.014777
394.534	-0.00599675
396.642	0.0119572
398.749	-0.0249533
400.856	0.0091371
402.962	-0.00840965
405.068	0.0079304
407.173	0.0371796
409.277	0.00349609
411.381	0.0166087
413.484	0.000675345
415.586	0.0137877
417.688	0.0139908
419.789	-0.0180794
421.89	-0.014649
423.99	0.00653145
426.089	0.00858063
428.187	-0.0038932
430.285	-0.0179808
432.383	-0.00998933
434.479	0.00222843
436.575	0.0166744
438.671	-0.0136009
440.765	-0.0153682
442.86	-0.0119872
444.953	-0.00673631
447.046	0.0227193
449.138	-0.018826
451.23	0.0213898
453.321	0.00996875
455.411	0.00177508
457.501	0.00649058
459.59	0.00959261
461.678	0.0207628
463.766	-0.0180902
465.853	0.0140576
467.94	-0.011886
470.026	-0.0200795
472.111	0.0120685
474.196	0.0103297
476.28	0.0215002
478.363	0.00201136
480.446	0.0164093
482.528	0.00337505
484.609	0.0145458
486.69	0.00796625
488.771	-0.00184058
490.85	0.0335352
492.929	0.00920555
495.008	0.026831
497.085	0.0041152
499.163	0.024968
501.239	0.0248434
503.315	0.0182642
505.39	0.0278216
507.465	0.00187859
509.539	0.0178907
511.612	0.0209936
513.685	0.0176419
515.757	0.0239722
517.829	0.0060976
519.9	0.00113234
521.97	0.0123037
524.04	-0.000729711
526.109	-0.00246756
528.177	0.0135449
530.245	0.0231028
532.312	0.0326606
534.379	0.021241
536.445	0.000139462
538.51	-0.00643907
540.575	0.0289375
542.639	0.0159043
544.703	-0.0132654
546.766	0.00758835
548.828	0.00262367
550.89	0.0267048
552.951	0.0152855
555.011	-0.00904294
557.071	0.0263339
559.13	0.0133011
561.189	0.0309277
563.247	0.00982662
565.304	0.0209988
567.361	-0.00332945
569.417	-0.00990748
571.473	0.0206286
573.528	0.0205053
575.582	-0.0070501
577.636	-0.000718779
579.689	0.0152946
581.741	0.000648555
583.793	-0.0317477
585.845	0.0052432
587.895	-0.0110164
589.945	-0.0143667
591.995	-0.00964875
594.044	0.0257288
596.092	0.0207649
598.14	0.00611907
600.187	-0.011754
602.233	-0.0199451
604.279	-0.0136133
606.324	0.00885522
608.369	-0.00417676
610.413	-0.0123677
612.456	-0.0108766
614.499	-0.0142266
616.541	0.00178749
618.583	0.00166497
620.624	0.00799708
622.665	-0.00342095
624.704	-0.0180663
626.744	-0.00205213
628.782	0.0171894
630.82	-0.00713766
632.858	0.00887659
634.895	-0.0299734
636.931	-0.0155727
638.966	-0.0060129
641.001	-0.00936234
643.036	0.0066521
645.07	0.0307349
647.103	-0.00488756
649.136	0.00628611
651.168	-0.00674517
653.199	0.00604225
655.23	-0.0118298
657.26	-0.0248609
659.29	-0.0104598
661.319	-0.0154226
663.348	-0.0107034
665.375	0.00208424
667.403	0.00518982
669.43	-0.00138644
671.456	0.0162423
673.481	0.0177344
675.506	0.00954455
677.53	-0.0244637
679.554	0.0302792
681.577	0.00918024
683.6	-0.0151461
685.622	-0.031404
687.643	-0.0121613
689.664	-0.0106689
691.684	-0.00272186
693.704	-0.0109114
695.723	-0.000537853
697.742	-0.00222843
699.759	0.00926602
701.777	-0.0308773
703.793	-0.00647305
705.81	-0.0224108
707.825	0.00199422
709.84	0.0167174
711.854	0.0104637
713.868	-0.00385834
715.881	0.0205481
717.894	0.0272044
719.906	0.0354749
721.917	0.0453599
723.928	0.0471765
725.939	0.0538341
727.948	0.042743
729.957	0.0284245
731.966	0.0496065
733.974	0.0417432
735.981	0.0209715
737.988	0.032473
739.994	0.0294521
742	0.0167494
744.005	0.0298659
746.01	0.0462097
748.013	0.0141451
750.017	0.0417852
752.02	0.0113343
754.022	0.0115437
756.023	0.0359585
758.024	0.0281002
760.025	0.0379923
762.025	-0.0118205
764.024	0.0222778
766.023	-0.00171569
768.021	0.00979206
770.018	0.00516392
772.015	0.00699041
774.012	0.0330218
776.008	0.0283943
778.003	0.0269949
779.998	0.0562549
781.992	0.0338786
783.985	0.0082758
785.978	0.0262416
787.971	-0.000974852
789.962	0.0315153
791.954	-0.0134508
793.944	-0.013233
795.935	-0.00494773
797.924	0.000111687
799.913	0.000330138
801.902	-0.015588
803.889	-0.0137545
805.877	-0.0390866
807.863	-0.014394
809.85	-0.000997702
811.835	0.0075588
813.82	-0.00970322
815.805	-0.0124423
817.789	0.013865
819.772	0.0530821
821.755	0.0148436
823.737	-0.00241664
825.718	0.0319606
827.699	0.0259965
829.68	0.0361689
831.66	0.0576374
833.639	0.00165108
835.618	0.0182792
837.596	-0.0135018
839.574	0.0354002
841.551	0.0375065
843.528	0.0476813
845.504	0.0110604
847.479	0.0341455
849.454	0.0685262
851.428	0.0577251
853.402	0.0404693
855.375	0.0425779
857.348	0.0882554
859.32	0.0435685
861.292	0.0311548
863.263	0.021969
865.233	0.0579662
867.203	0.0148941
869.172	0.00732321
871.141	0.0110478
873.109	-0.0110456
875.077	0.0539985
877.044	0.00285995
879.01	0.0146545
880.976	0.0135398
882.942	0.00274314
884.906	0.041971
886.871	-0.00593903
888.834	0.0316757
890.798	0.0273349
892.76	0.00685854
894.722	0.00897351
896.684	0.0207703
898.645	-0.00454639
900.605	0.0104789
902.565	0.0319589
904.524	-0.0256299
906.483	-0.00899035
908.441	-0.00793395
910.399	-0.0133322
912.356	-0.0187301
914.313	-0.0112188
916.269	-0.00998933
918.224	-0.000998884
920.179	-0.00291993
922.134	0.00284271
924.087	0.00860614
926.041	-0.00715016
927.993	0.0238892
929.946	0.0242693
931.897	0.0101259
933.848	-0.0040173
935.799	0.00765798
937.749	0.0274013
939.698	-0.00449251
941.647	0.0394555
943.596	0.0236982
945.543	0.0240771
947.491	0.001865
949.437	0.015153
951.384	0.0106909
953.329	0.0159103
955.274	0.00499324
957.219	0.0215083
959.163	0.0122047
961.106	0.035174
963.049	0.0436204
964.992	0.0262482
966.934	0.0346945
968.875	-0.0101102
970.816	0.016086
972.756	0.0277592
974.696	0.0281367
976.635	0.00430913
978.573	0.0224365
980.512	0.0212002
982.449	0.0280318
984.386	0.0300224
986.323	0.01749
988.259	0.0291624
990.194	0.0537438
992.129	0.0395974
994.063	0.0415874
995.997	0.0274409
997.93	0.0697722
999.863	0.107262
1001.8	0.27546
1003.73	0.303268
1005.66	0.18746
1007.59	0.129744
1009.52	0.0381408
1011.45	0.044971
1013.38	0.0760061
1015.31	0.0311992
1017.23	0.0331865
1019.16	0.0174255
1021.09	0.0339377
1023.01	-0.0076437
1024.94	0.0459825
1026.86	0.0447425
1028.79	0.0999824
1030.71	0.0713103
1032.64	0.0926634
1034.56	0.0478546
1036.48	0.0450009
1038.41	0.0405356
1040.33	0.0263862
1042.25	0.0316009
1044.17	0.0481111
1046.09	0.0307344
1048.01	0.0278808
1049.93	0.0347091
1051.84	0.0496036
1053.76	0.0273861
1055.68	0.035828
1057.6	0.0184514
1059.51	0.0494826
1061.43	0.032106
1063.34	0.0695918
1065.26	0.0441469
1067.17	0.033223
1069.09	0.0432786
1071	0.0468776
1072.91	0.0585449
1074.82	0.0911898
1076.74	0.0544492
1078.65	0.0741848
1080.56	0.0729428
1082.47	0.0458824
1084.38	0.0672316
1086.29	0.0514667
1088.19	0.0986325
1090.1	0.107073
1092.01	0.0622618
1093.92	0.0803837
1095.82	0.0613895
1097.73	0.115012
1099.63	0.0992451
1101.54	0.070571
1103.44	0.064486
1105.35	0.0745397
1107.25	0.0555456
1109.15	0.0397788
1111.06	0.0675826
1112.96	0.0453612
1114.86	0.0586401
1116.76	0.0364187
1118.66	0.0238792
1120.56	0.0339308
1122.46	0.0197776
1124.36	0.0491932
1126.25	0.0463337
1128.15	0.0434762
1130.05	0.0212547
1131.95	0.0167835
1133.84	0.0171513
1135.74	0.0110664
1137.63	-0.0224526
1139.53	-0.0317648
1141.42	-0.036238
1143.31	-0.0197336
1145.21	-0.0112956
1147.1	-0.0180576
1148.99	-0.0356541
1150.88	-0.0155987
1152.77	-0.00731287
1154.66	-0.0200046
1156.55	-0.00203677
1158.44	0.0304539
1160.33	0.0209897
1162.22	0.0260482
1164.11	-0.00762104
1166	0.0264833
1167.88	0.0476773
1169.77	0.0140081
1171.65	0.0481113
1173.54	0.0370333
1175.42	0.0695229
1177.31	0.024558
1179.19	0.0376837
1181.08	0.0540378
1182.96	0.0477997
1184.84	0.0189702
1186.72	0.0417779
1188.6	0.0403806
1190.49	0.0551211
1192.37	0.0666332
1194.25	0.0668496
1196.12	0.0670649
1198	0.0559858
1199.88	0.102998
1201.76	0.0935326
1203.64	0.111499
1205.51	0.148829
1207.39	0.132909
1209.26	0.123442
1211.14	0.109135
1213.01	0.149692
1214.89	0.148295
1216.76	0.153351
1218.64	0.13259
1220.51	0.123123
1222.38	0.11527
1224.25	0.159054
1226.12	0.139906
1227.99	0.182076
1229.86	0.169382
1231.73	0.16637
1233.6	0.213381
1235.47	0.181324
1237.34	0.199289
1239.21	0.191436
1241.08	0.173901
1242.94	0.177343
1244.81	0.177558
1246.67	0.190681
1248.54	0.168305
1250.4	0.168519
1252.27	0.192939
1254.13	0.215745
1256	0.186914
1257.86	0.214561
1259.72	0.167979
1261.58	0.214989
1263.44	0.215203
1265.3	0.210576
1267.17	0.202723
1269.03	0.214233
1270.88	0.190241
1272.74	0.188841
1274.6	0.214874
1276.46	0.239293
1278.32	0.224984
1280.17	0.180015
1282.03	0.168933
1283.89	0.180443
1285.74	0.212929
1287.6	0.182484
1289.45	0.179469
1291.3	0.215183
1293.16	0.22992
1295.01	0.222065
1296.86	0.180323
1298.72	0.23056
1300.57	0.259819
1302.42	0.242282
1304.27	0.273154
1306.12	0.244321
1307.97	0.228398
1309.82	0.233452
1311.67	0.251415
1313.51	0.225808
1315.36	0.25184
1317.21	0.229461
1319.06	0.245811
1320.9	0.205681
1322.75	0.247849
1324.59	0.230311
1326.44	0.261183
1328.28	0.248486
1330.13	0.25354
1331.97	0.248911
1333.81	0.231372
1335.65	0.265471
1337.5	0.22857
1339.34	0.238464
1341.18	0.217698
1343.02	0.222751
1344.86	0.19553
1346.7	0.190901
1348.54	0.207249
1350.37	0.150982
1352.21	0.128603
1354.05	0.186906
1355.89	0.146777
1357.72	0.121169
1359.56	0.121381
1361.39	0.119978
1363.23	0.115349
1365.06	0.167196
1366.9	0.125453
1368.73	0.117595
1370.57	0.0936023
1372.4	0.0986539
1374.23	0.113387
1376.06	0.107144
1377.89	0.104127
1379.72	0.078519
1381.55	0.0835707
1383.38	0.104759
1385.21	0.0468779
1387.04	0.082589
1388.87	0.0795724
1390.7	0.105602
1392.53	0.0848347
1394.35	0.0672941
1396.18	0.0884823
1398.01	0.0515788
1399.83	0.101812
1401.66	0.0907268
1403.48	0.0764133
1405.31	0.0911469
1407.13	0.109107
1408.95	0.0899523
1410.78	0.0820947
1412.6	0.106509
1414.42	0.0889684
1416.24	0.127906
1418.06	0.113592
1419.88	0.123484
1421.7	0.101102
1423.52	0.114221
1425.34	0.0966801
1427.16	0.119481
1428.98	0.118077
1430.79	0.152172
1432.61	0.202405
1434.43	0.221978
1436.24	0.238323
1438.06	0.267578
1439.88	0.309743
1441.69	0.279292
1443.5	0.323069
1445.32	0.331347
1447.13	0.344465
1448.94	0.338218
1450.76	0.3352
1452.57	0.299908
1454.38	0.304958
1456.19	0.308393
1458	0.265033
1459.81	0.255559
1461.62	0.249313
1463.43	0.265658
1465.24	0.204547
1467.05	0.19346
1468.86	0.190441
1470.66	0.177739
1472.47	0.153743
1474.28	0.199134
1476.08	0.155772
1477.89	0.122094
1479.69	0.11746
1481.5	0.0692584
1483.3	0.104966
1485.11	0.0616058
1486.91	0.0940861
1488.71	0.0474973
1490.51	0.0509318
1492.32	0.0350036
1494.12	0.0384381
1495.92	0.0338044
1497.72	0.0323979
1499.52	-0.00612262
1501.32	0.039267
1503.12	0.016883
1504.92	0.0203176
1506.71	0.0237509
1508.51	-0.000246717
1510.31	0.0225517
1512.11	0.00178139
1513.9	-0.00285355
1515.7	0.0199449
1517.49	-0.0201904
1519.29	0.00744898
1521.08	0.00604137
1522.88	0.0127032
1524.67	-0.0112956
1526.46	-0.00799146
1528.26	0.00382052
1530.05	-0.0166435
1531.84	-0.0177437
1533.63	0.0198839
1535.42	-0.0296259
1537.21	-0.00652131
1539	-0.00278047
1540.79	0.0106422
1542.58	-0.000139856
1544.37	0.0294195
1546.16	0.0412285
1547.95	0.0352874
1549.73	0.0212751
1551.52	0.0363115
1553.31	0.0561889
1555.09	0.0341083
1556.88	0.0136443
1558.66	0.0625646
1560.45	0.0388732
1562.23	0.0845662
1564.02	0.046352
1565.8	0.0855904
1567.58	0.076419
1569.36	0.0979072
1571.15	0.0887387
1572.93	0.0844084
1574.71	0.12526
1576.49	0.0999526
1578.27	0.0956222
1580.05	0.104201
1581.83	0.0805069
1583.61	0.10845
1585.39	0.0718462
1587.16	0.111082
1588.94	0.0728645
1590.72	0.092739
1592.49	0.102929
1594.27	0.0647116
1596.05	0.0813588
1597.82	0.0818665
1599.6	0.129173
1601.37	0.12484
1603.14	0.123734
1604.92	0.158132
1606.69	0.165094
1608.46	0.170443
1610.23	0.137064
1612.01	0.140802
1613.78	0.184878
1615.55	0.157954
1617.32	0.164916
1619.09	0.155742
1620.86	0.165931
1622.63	0.132552
1624.4	0.168561
1626.16	0.160997
1627.93	0.116323
1629.7	0.12974
1631.47	0.191566
1633.23	0.188844
1635	0.178056
1636.76	0.204379
1638.53	0.196819
1640.29	0.227983
1642.06	0.236559
1643.82	0.270951
1645.58	0.284365
1647.35	0.299396
1649.11	0.324106
1650.87	0.340747
1652.63	0.373525
1654.39	0.411144
1656.15	0.410035
1657.92	0.428293
1659.67	0.398136
1661.43	0.3938
1663.19	0.394304
1664.95	0.39965
1666.71	0.40661
1668.47	0.368387
1670.22	0.368889
1671.98	0.408122
1673.74	0.355376
1675.49	0.354264
1677.25	0.351542
1679	0.295566
1680.76	0.304139
1682.51	0.273982
1684.27	0.282555
1686.02	0.20076
1687.77	0.252899
1689.53	0.227586
1691.28	0.213565
1693.03	0.193089
1694.78	0.204887
1696.53	0.184411
1698.28	0.147799
1700.03	0.132165
1701.78	0.145576
1703.53	0.121873
1705.28	0.0917156
1707.03	0.118036
1708.77	0.0765802
1710.52	0.0657866
1712.27	0.0614476
1714.01	0.0361282
1715.76	0.0382439
1717.51	0.0548825
1719.25	0.0569953
1721	0.0349061
1722.74	0.0337916
1724.48	0.037518
1726.23	0.0509294
1727.97	0.0143143
1729.71	0.0341773
1731.46	0.0411341
1733.2	0.0384059
1734.94	0.0276094
1736.68	0.0103584
1738.42	0.0560399
1740.16	0.0468571
1741.9	0.0199241
1743.64	-0.00539527
1745.38	0.032218
1747.12	0.00689862
1748.85	0.0122358
1750.59	0.0337125
1752.33	-0.00128884
1754.07	-0.00724432
1755.8	0.00132035
1757.54	-0.00786254
1759.27	0.010384
1761.01	-0.00525345
1762.74	0.00653844
1764.48	0.0215605
1766.21	0.0107612
1767.94	-3.81156e-005
1769.68	-0.00437994
1771.41	0.00222843
1773.14	0.0108474
1774.87	0.00171619
1776.6	-0.0203244
1778.33	0.0124994
1780.06	-0.0159956
1781.79	0.000691596
1783.52	-0.013524
1785.25	-0.00330414
1786.98	0.00314429
1788.71	0.0063653
1790.44	0.016041
1792.17	-0.0017155
1793.89	-0.0130173
1795.62	-0.00172791
1797.35	0.00310686
1799.07	-0.0194905
1800.8	-0.0114286
1802.52	0.00631546
1804.25	0.0256731
1805.97	0.00630305
1807.69	-0.00177144
1809.42	-0.00177774
1811.14	-0.000170289
1812.86	0.00466448
1814.58	-0.00663733
1816.31	-0.00180256
1818.03	0.0143278
1819.75	-0.0195652
1821.47	0.0288383
1823.19	-0.017964
1824.91	-0.0341067
1826.63	-0.00183979
1828.35	-0.0195962
1830.06	0.00460243
1831.78	-0.0325179
1833.5	-0.0099329
1835.22	-0.0099391
1836.93	-0.00349068
1838.65	-0.000269567
1840.36	0.0207019
1842.08	0.0110137
1843.8	0.00616655
1845.51	-0.00674892
1847.22	0.030359
1848.94	0.00614793
1850.65	0.00130085
1852.36	0.00613562
1854.08	-0.0132345
1855.79	-0.0261499
1857.5	0.0061171
1859.21	-0.0116393
1860.92	0.00610469
1862.63	0.0125532
1864.34	0.00609238
1866.05	-0.021346
1867.76	-0.0229658
1869.47	0.0205968
1871.18	0.00606766
1872.89	0.00122058
1874.6	0.017351
1876.3	0.0173448
1878.01	-0.0117072
1879.72	0.0108778
1881.42	-0.00365121
1883.13	0.0140928
1884.83	0.00440476
1886.54	-0.0181926
1888.24	-0.0246534
1889.95	-0.00368204
1891.65	-0.0101428
1893.35	0.009215
1895.06	-0.0020868
1896.76	0.00113441
1898.46	0.0204922
1900.16	0.00434941
1901.86	0.0107979
1903.56	-0.00211743
1905.26	-0.00535095
1906.96	-0.0037434
1908.66	0.00109146
1910.36	0.0156083
1912.06	0.0188294
1913.76	-0.000540611
1915.46	0.0026806
1917.16	0.0317202
1918.85	0.0058957
1920.55	-0.000565135
1922.25	-0.00379856
1923.94	-0.0215549
1925.64	0.0123258
1927.33	0.0445928
1929.03	-0.00705039
1930.72	0.0123075
1932.42	0.00423299
1934.11	0.0268181
1935.8	-0.00707482
1937.5	-0.00223995
1939.19	-0.000632403
1940.88	0.00742978
1942.57	-0.0296904
1944.26	-0.00871901
1945.95	0.023548
1947.64	0.000950821
1949.33	0.00578569
1951.02	0.0154615
1952.71	-0.00874944
1954.4	-0.00875555
1956.09	-0.007148
1957.78	-0.0152224
1959.47	0.0122037
1961.15	0.0121977
1962.84	-0.000717695
1964.53	0.00734448
1966.21	-0.00234357
1967.9	-0.0249409
1969.58	0.00732626
1971.27	0.0234567
1972.95	0.012155
1974.64	0.0089216
1976.32	0.0137566
1978	-0.00399977
1979.69	0.0266536
1981.37	-0.00239823
1983.05	-0.0072453
1984.73	0.0104988
1986.42	-0.00564376
1988.1	-0.00564987
1989.78	0.00725328
1991.46	-0.010503
1993.14	-0.00405443
1994.82	0.0104625
1996.5	0.01207
1998.17	-0.0266638
1999.85	-0.00806829
2001.53	0.0077609
2003.21	0.0219764
2004.88	0.0088367
2006.56	-0.0178271
2008.24	-0.00146001
2009.91	-0.0249733
2011.59	0.00468733
2013.26	0.005863
2014.94	-0.00103217
2016.61	0.00821179
2018.29	-0.00675177
2019.96	0.0105606
2021.63	-0.00762764
2023.31	0.00484097
2024.98	-0.00518007
2026.65	0.000935456
2028.32	0.00866464
2029.99	0.0228484
2031.67	0.00798427
2033.34	0.00441786
2035.01	0.0137607
2036.68	-0.00755594
2038.34	0.00340253
2040.01	-0.0163005
2041.68	-0.0037303
2043.35	0.000771471
2045.02	0.0246372
2046.69	0.00170693
2048.35	0.0013698
2050.02	-0.0231742
2051.69	-0.00576303
2053.35	0.00864494
2055.02	-0.00437994
2056.68	0.0122945
2058.35	0.00291993
2060.01	0.0107005
2061.68	-0.0105665
2063.34	-0.00117232
2065	0.0243585
2066.66	-0.0161366
2068.33	-0.00986218
2069.99	0.0319139
2071.65	-0.0328116
2073.31	-0.0136269
2074.97	0.00555798
2076.63	0.00699248
2078.29	0.0124482
2079.95	0.0121024
2081.61	-0.00276628
2083.27	0.00192104
2084.93	0.00361152
2086.59	0.0021132
2088.25	-0.00745351
2089.9	0.00375404
2091.56	-0.0076302
2093.22	-0.00126422
2094.87	-0.00457968
2096.53	0.00824104
2098.19	-0.00959783
2099.84	-0.00807232
2101.5	0.0144302
2103.15	0.0159558
2104.8	-0.00188244
2106.46	0.0157792
2108.11	0.00116809
2109.76	0.0204439
2111.42	0.0316509
2113.07	0.00413066
2114.72	0.0008152
2116.37	0.0136364
2118.02	-0.0106566
2119.67	-0.00106271
2121.33	-0.0156743
2122.98	0.00844255
2124.62	0.00835489
2126.27	0.00665318
2127.92	-0.0289353
2129.57	0.0226136
2131.22	-0.012975
2132.87	0.0159827
2134.51	0.00621323
2136.16	-0.0132387
2137.81	0.00765069
2139.45	-0.00857334
2141.1	0.0203843
2142.75	-0.0216588
2144.39	-0.000768812
2146.04	-0.00569793
2147.68	0.0184194
2149.32	-0.0284642
2150.97	0.0134028
2152.61	-0.00282134
2154.25	0.011614
2155.9	-0.00299705
2157.54	-0.0192212
2159.18	-0.00639947
2160.82	0.00964954
2162.46	-0.000119961
2164.1	0.00786077
2165.74	0.0287508
2167.38	0.0189813
2169.02	-0.0149931
2170.66	0.00589688
2172.3	-0.0151682
2173.94	-0.000732863
2175.58	-0.00082042
2177.22	0.0232969
2178.85	0.00545968
2180.49	0.0118268
2182.13	-0.00278372
2183.76	-0.0060981
2185.4	0.00188263
2187.03	-0.00440092
