279.726	0.0367454
281.87	0.0213059
284.012	0.00345783
286.155	0.0204973
288.296	-0.0021638
290.437	0.0184823
292.577	0.00905273
294.717	-0.0112038
296.856	-0.000184
298.994	0.0324882
301.131	0.0146341
303.268	0.00520091
305.404	0.00539034
307.54	0.0296392
309.675	0.00937667
311.809	-0.0301346
313.943	0.0169684
316.075	0.0231679
318.208	-0.00672086
320.339	-0.00653759
322.47	0.0177052
324.601	-0.000156099
326.73	-0.015614
328.859	-0.00460632
330.987	0.0088061
333.115	0.0101887
335.242	0.00435227
337.368	-0.026748
339.494	-0.0253678
341.619	-0.014365
343.744	-0.0045652
345.867	-0.0176244
347.99	0.00299981
350.113	-0.00163853
352.234	-0.0147001
354.356	-0.0109189
356.476	-0.0203727
358.596	-0.010579
360.715	-0.0320638
362.834	-0.0126475
364.951	-0.0196991
367.069	-0.00268996
369.185	-0.0025249
371.301	-0.00356282
373.416	0.000209919
375.531	-0.0164679
377.645	0.00414537
379.758	-0.0221587
381.871	0.0189039
383.983	0.00380967
386.094	-0.0185027
388.205	-0.0167555
390.315	0.0018331
392.425	-0.015295
394.534	0.00349439
396.642	0.0102539
398.749	0.00973836
400.856	5.72706e-005
402.962	0.00014325
405.068	0.00263511
407.173	0.00297881
409.277	-0.00375328
411.381	-0.00326751
413.484	0.000826973
415.586	0.00131231
417.688	0.00300061
419.789	0.0107036
421.89	-0.00565305
423.99	0.00686161
426.089	0.00854919
428.187	0.00662768
430.285	0.0335776
432.383	0.00398751
434.479	-0.00154344
436.575	-0.00346546
438.671	-0.00659046
440.765	-0.0109189
442.86	-0.0128411
444.953	0.00568675
447.046	-0.00706272
449.138	0.00545004
451.23	0.0179629
453.321	0.0100248
455.411	-0.00481191
457.501	-0.00653047
459.59	0.00658774
461.678	-0.0139201
463.766	0.0136912
465.853	-0.0032076
467.94	0.0219977
470.026	-0.0213666
472.111	-0.00939393
474.196	0.00137582
476.28	-0.00710215
478.363	-0.0107681
480.446	0.00361055
482.528	0.0143804
484.609	-0.00612722
486.69	0.00704847
488.771	0.0214272
490.85	0.0309941
492.929	0.0177044
495.008	0.0260683
497.085	0.0187936
499.163	0.00309797
501.239	-0.00417679
503.315	0.0102021
505.39	-0.0163202
507.465	0.0293361
509.539	0.00281375
511.612	0.0232076
513.685	0.00510619
515.757	0.0194852
517.829	0.0374731
519.9	0.0289955
521.97	0.0361566
524.04	0.0312881
526.109	0.0240135
528.177	0.0227539
530.245	0.0166824
532.312	0.0130169
534.379	0.027396
536.445	0.0285424
538.51	0.017659
540.575	0.0260233
542.639	0.00912512
544.703	0.00906859
546.766	0.0294627
548.828	0.00534665
550.89	0.00889912
552.951	0.0112486
555.011	0.000365431
557.071	0.000308968
559.13	0.00867342
561.189	0.0230528
563.247	0.0314172
565.304	-0.0131493
567.361	0.0192748
569.417	-2.91493e-005
571.473	0.00232049
573.528	0.00226417
575.582	-0.00621291
577.636	-0.000254267
579.689	-0.00512242
581.741	-0.00758454
583.793	-0.0148586
585.845	0.00914473
587.895	-0.00173824
589.945	-0.019839
591.995	-0.00305348
594.044	0.00410829
596.092	0.00405219
598.14	0.00640205
600.187	-0.0213225
602.233	-0.0249875
604.279	-0.0118107
606.324	-0.0275055
608.369	-0.0359823
610.413	-0.0228055
612.456	-0.0156436
614.499	-0.046977
616.541	-0.0338002
618.583	-0.00257872
620.624	0.0081922
622.665	0.00212144
624.704	-0.0135731
626.744	-0.0112231
628.782	-0.0329325
630.82	-0.0353942
632.858	-0.0113905
634.895	0.00419243
636.931	-0.0235318
638.966	-0.00313696
641.001	0.011243
643.036	0.0147962
645.07	0.00150776
647.103	0.00385806
649.136	0.0194411
651.168	-0.00587707
653.199	0.00128514
655.23	0.00965032
657.26	0.00598581
659.29	-0.00489657
661.319	-0.00254619
663.348	-0.000195822
665.375	-0.00987515
667.403	0.0189408
669.43	0.00685552
671.456	-0.0160566
673.481	-0.00287932
675.506	0.00909502
677.53	0.0174604
679.554	0.000563308
681.577	-0.00911587
683.6	-0.0043594
685.622	-0.0020088
687.643	0.00154477
689.664	-0.0105404
691.684	-0.0103112
693.704	-0.00532426
695.723	-0.0195845
697.742	-0.00136436
699.759	-0.0144206
701.777	0.011018
703.793	-0.00203781
705.81	-0.00787611
707.825	-0.000480706
709.84	0.00691462
711.854	0.0155136
713.868	0.0289244
715.881	-0.00217452
717.894	0.0280785
719.906	0.0378814
721.917	0.0428729
723.928	0.0514733
725.939	0.0757124
727.948	0.0398037
729.957	0.0363754
731.966	0.00888745
733.974	0.0174894
735.981	0.000829323
737.988	0.00702586
739.994	0.0384854
742	0.0218258
744.005	0.0123846
746.01	0.0330178
748.013	0.0295925
750.017	0.0153399
752.02	0.0167266
754.022	0.0301435
756.023	0.0411549
758.024	0.0293099
760.025	0.0186677
762.025	0.0381005
764.024	0.0166326
766.023	0.0180212
768.021	0.0145985
770.018	0.0147852
772.015	0.0257987
774.012	0.0356092
776.008	0.0406083
778.003	0.0395931
779.998	0.0662463
781.992	0.0616226
783.985	0.0594054
785.978	0.0343316
787.971	0.0212876
789.962	0.0250863
791.954	0.0156517
793.944	0.00501522
795.935	0.0076109
797.924	0.0246433
799.913	-0.023285
801.902	-0.00865844
803.889	0.0396524
805.877	0.0181901
807.863	-0.0020682
809.85	0.0077474
811.835	-0.00769857
813.82	0.00211813
815.805	0.00110797
817.789	0.0373905
819.772	0.0423963
821.755	0.0293574
823.737	0.0776708
825.718	0.0477912
827.699	0.0708426
829.68	0.0746464
831.66	0.0495792
833.639	0.0593989
835.618	0.0379411
837.596	0.0273108
839.574	0.0359279
841.551	0.0421397
843.528	0.0303068
845.504	0.0581727
847.479	0.0643854
849.454	0.0693953
851.428	0.0623758
853.402	0.0842278
855.375	0.068788
857.348	0.0725958
859.32	0.0691863
861.292	0.0320934
863.263	0.0238725
865.233	0.0336968
867.203	0.0363032
869.172	0.0389101
871.141	0.0439229
873.109	0.0357035
875.077	0.0298901
877.044	0.0433248
879.01	0.060369
880.976	0.0377149
882.942	0.0655859
884.906	0.035715
886.871	0.0419328
888.834	0.0589785
890.798	0.0279046
892.76	0.0136734
894.722	0.0271106
896.684	0.0273152
898.645	0.0118815
900.605	0.0108841
902.565	0.0267282
904.524	0.0341521
906.483	0.0415761
908.441	0.00569329
910.399	0.0395833
912.356	-0.00231403
914.313	0.00751699
916.269	-0.00430528
918.224	0.00432364
920.179	0.0225764
922.134	0.0420321
924.087	0.0314144
926.041	0.0232021
927.993	0.0282236
929.946	0.0609131
931.897	0.0226279
933.848	0.0625363
935.799	0.0206422
937.749	0.0304766
939.698	0.0391087
941.647	0.00804227
943.596	0.0419368
945.543	0.0156835
947.491	-0.00575849
949.437	0.0365583
951.384	0.0247408
953.329	-0.00993249
955.274	0.0227611
957.219	0.00372656
959.163	0.0219849
961.106	-0.00546935
963.049	0.0380519
964.992	-0.00624397
966.934	-0.0131182
968.875	-0.00148933
970.816	-0.00286427
972.756	0.00223414
974.696	0.00813449
976.635	-0.0263687
978.573	-0.0163619
980.512	-0.0195877
982.449	-0.0288287
984.386	0.024485
986.323	0.00080825
988.259	-0.00362112
990.194	0.00999402
992.129	0.0151883
994.063	0.0155704
995.997	0.0303884
997.93	0.0391912
999.863	0.115361
1001.8	0.245665
1003.73	0.284542
1005.66	0.159813
1007.59	0.0807983
1009.52	0.0258427
1011.45	0.0238181
1013.38	0.00374902
1015.31	0.0281899
1017.23	0.00691565
1019.16	0.00248511
1021.09	0.000460662
1023.01	0.00204295
1024.94	0.0108451
1026.86	0.0280663
1028.79	0.0248387
1030.71	0.0601045
1032.64	0.0713127
1034.56	0.0668802
1036.48	0.0588387
1038.41	0.0459873
1040.33	0.0523816
1042.25	0.0527611
1044.17	0.0266749
1046.09	0.0354752
1048.01	0.0623202
1049.93	0.0458579
1051.84	0.0402204
1053.76	0.0213521
1055.68	0.0433852
1057.6	0.0545914
1059.51	0.0248944
1061.43	0.0192589
1063.34	0.0521167
1065.26	0.0585109
1067.17	0.0360319
1069.09	0.0388172
1071	0.0644571
1072.91	0.045587
1074.82	0.0543852
1076.74	0.0595766
1078.65	0.061157
1080.56	0.0651433
1082.47	0.0919862
1084.38	0.0887547
1086.29	0.0626667
1088.19	0.065448
1090.1	0.0983059
1092.01	0.0782327
1093.92	0.0786101
1095.82	0.106654
1097.73	0.101017
1099.63	0.0737236
1101.54	0.0801159
1103.44	0.0792884
1105.35	0.0592152
1107.25	0.0788383
1109.15	0.00222313
1111.06	0.0422989
1112.96	0.0330504
1114.86	0.0129753
1116.76	0.0446282
1118.66	0.00650844
1120.56	0.0297405
1122.46	0.0373337
1124.36	0.0365062
1126.25	0.0501124
1128.15	0.0276313
1130.05	0.0243979
1131.95	0.0103375
1133.84	-0.0289872
1135.74	-0.012973
1137.63	-0.00899061
1139.53	-0.0531253
1141.42	-0.0226774
1143.31	-0.0595963
1145.21	-0.0640327
1147.1	-0.00832231
1148.99	-0.0187755
1150.88	-0.0280259
1152.77	-0.0132167
1154.66	-0.0320909
1156.55	-0.00525186
1158.44	-0.00487843
1160.33	-0.0153318
1162.22	-0.0305969
1164.11	-0.00135203
1166	-0.00819646
1167.88	0.0114227
1169.77	0.0250289
1171.65	0.0254004
1173.54	0.024571
1175.42	0.0417841
1177.31	0.00967727
1179.19	0.0329052
1181.08	0.0116252
1182.96	0.0144027
1184.84	0.00996215
1186.72	0.0175515
1188.6	0.0371707
1190.49	0.0255144
1192.37	0.0427276
1194.25	0.0370842
1196.12	0.0567015
1198	0.0931621
1199.88	0.0899247
1201.76	0.115559
1203.64	0.114727
1205.51	0.141562
1207.39	0.129904
1209.26	0.101402
1211.14	0.140269
1213.01	0.122594
1214.89	0.131386
1216.76	0.120929
1218.64	0.144157
1220.51	0.184225
1222.38	0.141287
1224.25	0.153686
1226.12	0.140823
1227.99	0.153222
1229.86	0.18126
1231.73	0.18163
1233.6	0.154331
1235.47	0.208834
1237.34	0.185144
1239.21	0.196341
1241.08	0.188289
1242.94	0.203093
1244.81	0.208274
1246.67	0.208642
1248.54	0.189764
1250.4	0.182913
1252.27	0.176065
1254.13	0.211319
1256	0.178005
1257.86	0.204838
1259.72	0.218438
1261.58	0.200761
1263.44	0.20955
1265.3	0.206308
1267.17	0.218708
1269.03	0.196219
1270.88	0.206208
1272.74	0.160862
1274.6	0.188898
1276.46	0.183251
1278.32	0.18843
1280.17	0.222479
1282.03	0.17954
1283.89	0.184719
1285.74	0.186288
1287.6	0.210715
1289.45	0.182209
1291.3	0.203025
1293.16	0.23467
1295.01	0.180902
1296.86	0.252243
1298.72	0.233363
1300.57	0.222902
1302.42	0.231688
1304.27	0.239272
1306.12	0.262494
1307.97	0.248424
1309.82	0.260819
1311.67	0.258778
1313.51	0.273578
1315.36	0.267929
1317.21	0.269497
1319.06	0.227758
1320.9	0.243761
1322.75	0.258562
1324.59	0.23246
1326.44	0.2629
1328.28	0.258452
1330.13	0.282877
1331.97	0.25076
1333.81	0.269168
1335.65	0.237052
1337.5	0.268695
1339.34	0.265449
1341.18	0.274234
1343.02	0.226478
1344.86	0.216015
1346.7	0.223596
1348.54	0.181856
1350.37	0.177406
1352.21	0.193408
1354.05	0.179336
1355.89	0.135189
1357.72	0.145175
1359.56	0.110652
1361.39	0.155524
1363.23	0.15709
1365.06	0.12858
1366.9	0.121726
1368.73	0.136524
1370.57	0.115234
1372.4	0.108377
1374.23	0.113551
1376.06	0.115115
1377.89	0.0854026
1379.72	0.096591
1381.55	0.076502
1383.38	0.0696458
1385.21	0.0976759
1387.04	0.071572
1388.87	0.0899783
1390.7	0.084325
1392.53	0.0786717
1394.35	0.0886552
1396.18	0.0577395
1398.01	0.0773487
1399.83	0.0753024
1401.66	0.0828819
1403.48	0.0688058
1405.31	0.0848061
1407.13	0.109225
1408.95	0.10357
1410.78	0.0798721
1412.6	0.110306
1414.42	0.127508
1416.24	0.111026
1418.06	0.119806
1419.88	0.151443
1421.7	0.103684
1423.52	0.13893
1425.34	0.134477
1427.16	0.145664
1428.98	0.149632
1430.79	0.172847
1432.61	0.204484
1434.43	0.204843
1436.24	0.252117
1438.06	0.278942
1439.88	0.296143
1441.69	0.334996
1443.5	0.350993
1445.32	0.360976
1447.13	0.360131
1448.94	0.366504
1450.76	0.34521
1452.57	0.328726
1454.38	0.335098
1456.19	0.317411
1458	0.305739
1459.81	0.286849
1461.62	0.284801
1463.43	0.262302
1465.24	0.263863
1467.05	0.213695
1468.86	0.226083
1470.66	0.184334
1472.47	0.160632
1474.28	0.140539
1476.08	0.130068
1477.89	0.129223
1479.69	0.119955
1481.5	0.131139
1483.3	0.119465
1485.11	0.111402
1486.91	0.0768713
1488.71	0.0543704
1490.51	0.0475083
1492.32	0.0334302
1494.12	0.0530336
1495.92	0.0245178
1497.72	0.0344973
1499.52	0.0228232
1501.32	0.0111491
1503.12	0.0139107
1504.92	0.00945458
1506.71	0.00619933
1508.51	0.0149759
1510.31	-0.00511904
1512.11	-0.0035604
1513.9	-0.0164394
1515.7	-0.0160837
1517.49	0.00351767
1519.29	-0.00334453
1521.08	-0.00178787
1522.88	0.00819168
1524.67	0.00664501
1526.46	0.0120298
1528.26	0.00486918
1530.05	-0.00945193
1531.84	-0.0112566
1533.63	-0.0094523
1535.42	-0.00163317
1537.21	0.0146068
1539	-0.00403949
1540.79	-0.00103227
1542.58	0.0248315
1544.37	0.0025763
1546.16	-0.00283732
1547.95	0.0266354
1549.73	0.0404661
1551.52	0.0206168
1553.31	0.0380598
1555.09	0.0386578
1556.88	0.0440709
1558.66	0.0290302
1560.45	0.0464731
1562.23	0.0639128
1564.02	0.0404545
1565.8	0.0627061
1567.58	0.0681159
1569.36	0.0663079
1571.15	0.0560824
1572.93	0.0891607
1574.71	0.0897587
1576.49	0.109604
1578.27	0.101781
1580.05	0.0975674
1581.83	0.0909474
1583.61	0.0819215
1585.39	0.0969552
1587.16	0.0795052
1588.94	0.0548405
1590.72	0.0638593
1592.49	0.107761
1594.27	0.0999381
1596.05	0.0716647
1597.82	0.0939128
1599.6	0.0981197
1601.37	0.114353
1603.14	0.141413
1604.92	0.140808
1606.69	0.123358
1608.46	0.144403
1610.23	0.105299
1612.01	0.127551
1613.78	0.129349
1615.55	0.14077
1617.32	0.138959
1619.09	0.129929
1620.86	0.152177
1622.63	0.114277
1624.4	0.129307
1626.16	0.117869
1627.93	0.131696
1629.7	0.145523
1631.47	0.143712
1633.23	0.156333
1635	0.212264
1636.76	0.187593
1638.53	0.208638
1640.29	0.232086
1642.06	0.223057
1643.82	0.250113
1645.58	0.294012
1647.35	0.343928
1649.11	0.33249
1650.87	0.382403
1652.63	0.386603
1654.39	0.360729
1656.15	0.426281
1657.92	0.411237
1659.67	0.38175
1661.43	0.413619
1663.19	0.415413
1664.95	0.370291
1666.71	0.385318
1668.47	0.359444
1670.22	0.366047
1671.98	0.329346
1673.74	0.356402
1675.49	0.360599
1677.25	0.339537
1679	0.300426
1680.76	0.321468
1682.51	0.288373
1684.27	0.254078
1686.02	0.254665
1687.77	0.255253
1689.53	0.222161
1691.28	0.213125
1693.03	0.218525
1694.78	0.186633
1696.53	0.161958
1698.28	0.187808
1700.03	0.157119
1701.78	0.125226
1703.53	0.125814
1705.28	0.103545
1707.03	0.0764647
1708.77	0.0698313
1710.52	0.0619983
1712.27	0.0661952
1714.01	0.0523439
1715.76	0.0372931
1717.51	0.0402869
1719.25	0.0492923
1721	0.0414592
1722.74	0.0119693
1724.48	0.0233806
1726.23	0.0275774
1727.97	0.0137262
1729.71	0.00588984
1731.46	0.0173045
1733.2	0.00946816
1734.94	0.040127
1736.68	0.0190581
1738.42	0.0184395
1740.16	0.00579131
1741.9	0.0280294
1743.64	0.0334258
1745.38	0.0159657
1747.12	0.0117382
1748.85	0.00871042
1750.59	0.00929488
1752.33	0.00867643
1754.07	0.0152758
1755.8	-0.0166234
1757.54	-0.00761802
1759.27	0.0194286
1761.01	-0.0076554
1762.74	0.000143617
1764.48	0.00553998
1766.21	0.0157449
1767.94	-0.00773345
1769.68	0.00395263
1771.41	-0.00658774
1773.14	0.0018331
1774.87	0.00969063
1776.6	-0.0173382
1778.33	-0.0118866
1780.06	0.00559483
1781.79	-0.00579527
1783.52	-0.000343697
1785.25	-0.00635858
1786.98	0.00429633
1788.71	0.016097
1790.44	0.00301045
1792.17	0.0103745
1793.89	-0.000306912
1795.62	0.00224523
1797.35	-0.00482645
1799.07	-0.0118989
1800.8	-0.0141587
1802.52	0.000422408
1804.25	0.0053805
1805.97	-0.00770694
1807.69	0.016498
1809.42	0.00100547
1811.14	-5.2131e-005
1812.86	0.00971699
1814.58	0.00865939
1816.31	-0.00442717
1818.03	0.00413905
1819.75	-0.0101513
1821.47	-0.0160209
1823.19	-0.00625168
1824.91	0.00351745
1826.63	-0.00235206
1828.35	-0.00822157
1830.06	-0.00206218
1831.78	-0.0151496
1833.5	0.000634456
1835.22	-0.0136559
1836.93	-0.0159173
1838.65	-0.0109601
1840.36	-0.00840961
1842.08	-0.00465537
1843.8	0.00872276
1845.51	-0.00797442
1847.22	0.0186356
1848.94	-0.00407561
1850.65	0.0225344
1852.36	-0.0134104
1854.08	-0.00484422
1855.79	0.00131517
1857.5	0.00747455
1859.21	-0.00200477
1860.92	0.0113725
1862.63	0.00189316
1864.34	-0.00277425
1866.05	-0.0134565
1867.76	-0.00850006
1869.47	-0.0131675
1871.18	0.0122395
1872.89	0.00997809
1874.6	-0.00792207
1876.3	0.00184544
1878.01	-0.00522793
1879.72	0.0093523
1881.42	-0.0169695
1883.13	0.00242262
1884.83	-0.0106665
1886.54	0.00511669
1888.24	-0.00316046
1889.95	-0.00421894
1891.65	0.000736662
1893.35	-0.0195703
1895.06	-0.00619301
1896.76	-0.00364344
1898.46	-0.0119206
1900.16	0.00506471
1901.86	0.00881733
1903.56	-0.000662798
1905.26	-0.00533109
1906.96	0.0164662
1908.66	0.000971104
1910.36	0.00352075
1912.06	0.00727337
1913.76	-0.0142366
1915.46	-0.00446909
1917.16	-0.0115433
1918.85	0.0102531
1920.55	0.0079908
1922.25	0.00933746
1923.94	-0.00615843
1925.64	0.0204508
1927.33	-0.00346598
1929.03	-0.000916404
1930.72	-0.00197657
1932.42	0.0138058
1934.11	-0.00409603
1935.8	0.00687358
1937.5	0.00220536
1939.19	0.00475412
1940.88	0.001288
1942.57	0.00503974
1944.26	-0.000832333
1945.95	0.0209641
1947.64	-0.00415565
1949.33	0.00921999
1951.02	0.0105658
1952.71	-0.012148
1954.4	-0.00238136
1956.09	-0.00344152
1957.78	0.00271617
1959.47	0.000453025
1961.15	-0.0138407
1962.84	0.00554975
1964.53	0.00930149
1966.21	0.00102265
1967.9	0.00357141
1969.58	0.00130739
1971.27	0.00265317
1972.95	0.00279517
1974.64	0.00053203
1976.32	0.0139068
1978	0.0260785
1979.69	-0.00144719
1981.37	0.00350673
1983.05	-0.0204108
1984.73	0.00379066
1986.42	-0.00689333
1988.1	0.026932
1989.78	-0.00300039
1991.46	0.0103743
1993.14	0.00811033
1994.82	-0.00257454
1996.5	0.00598831
1998.17	0.000114541
1999.85	0.00160395
2001.53	-0.00718923
2003.21	-0.0207943
2004.88	0.0127172
2006.56	0.0136337
2008.24	-0.00303608
2009.91	-0.00612943
2011.59	-0.0068169
2013.26	-0.00257784
2014.94	-0.0173
2016.61	-0.00189037
2018.29	0.00561392
2019.96	-0.00595762
2021.63	-0.0034974
2023.31	0.00738402
2024.98	0.0182651
2026.65	-0.000928298
2028.32	-0.00327999
2029.99	0.00880404
2031.67	0.0112646
2033.34	0.00410102
2035.01	-0.00546854
2036.68	0.00781847
2038.34	0.0102784
2040.01	0.00431777
2041.68	0.00557508
2043.35	0.0104412
2045.02	-0.00273724
2046.69	0.00212893
2048.35	-0.00503497
2050.02	0.00825204
2051.69	0.00710332
2053.35	-0.0233149
2055.02	-0.00744702
2056.68	-0.00956655
2058.35	0.0161543
2060.01	-0.0138056
2061.68	0.0164407
2063.34	0.0204506
2065	-0.00899369
2066.66	-0.016097
2068.33	-0.0122017
2069.99	0.00429633
2071.65	0.00543895
2073.31	0.00658157
2074.97	-0.0031026
2076.63	0.00525789
2078.29	-0.0164561
2079.95	0.015964
2081.61	0.0159036
2083.27	-0.00581033
2084.93	0.00375314
2086.59	-0.00953997
2088.25	-0.00358544
2089.9	-0.0132692
2091.56	0.00712102
2093.22	-0.00496911
2094.87	0.0190304
2096.53	0.0117522
2098.19	-0.00514981
2099.84	0.000805093
2101.5	-0.00406717
2103.15	0.00669964
2104.8	0.0114516
2106.46	0.00176739
2108.11	-0.0103224
2109.76	-0.0127883
2111.42	0.00519599
2113.07	-0.00448789
2114.72	0.0110908
2116.37	-0.00701382
2118.02	0.0109709
2119.67	0.00489598
2121.33	-0.0192239
2122.98	0.00597861
2124.62	0.00712197
2126.27	-0.00376481
2127.92	-0.00983968
2129.57	0.000927124
2131.22	0.00207011
2132.87	-0.0196435
2134.51	-0.00767331
2136.16	-0.000515436
2137.81	0.0150633
2139.45	0.00297389
2141.1	-0.0103188
2142.75	0.0172896
2144.39	-0.0104385
2146.04	-0.00328065
2147.68	-0.00574623
2149.32	0.00381797
2150.97	0.000149051
2152.61	-0.00472248
2154.25	-0.00839103
2155.9	-0.010857
2157.54	-0.0109166
2159.18	-0.00977323
2160.82	0.00580585
2162.46	0.011761
2164.1	-0.00995217
2165.74	-0.000387972
2167.38	-0.00165057
2169.02	-0.010131
2170.66	0.0138689
2172.3	0.0174182
2173.94	-0.00188905
2175.58	0.000457284
2177.22	-0.00441424
2178.85	0.0111651
2180.49	-0.00333021
2182.13	0.00863994
2183.76	-0.0118699
2185.4	-0.0155385
2187.03	-0.0020779
