279.726	0.00994968
281.87	0.0230961
284.012	0.026782
286.155	0.0129036
288.296	0.0260467
290.437	-0.00134575
292.577	-0.011174
294.717	0.0127776
296.856	0.0191626
298.994	0.0133859
301.131	-0.00320149
303.268	-0.0143841
305.404	0.0122654
307.54	0.0064866
309.675	-0.0195614
311.809	0.0178955
313.943	-0.00274856
316.075	0.000926468
318.208	0.00595368
320.339	0.0123299
322.47	0.00654565
324.601	0.0237314
326.73	0.0179448
328.859	-2.4741e-006
330.987	-0.0179508
333.115	0.0167972
335.242	0.0110084
337.368	0.00116514
339.494	0.0102383
341.619	0.0125544
343.744	0.00676353
345.867	-0.00173187
347.99	-0.0399536
350.113	0.000193805
352.234	-0.0204646
354.356	-0.0235565
356.476	0.00442691
358.596	0.0256543
360.715	-0.0179765
362.834	-0.0102621
364.951	-0.0011987
367.069	-0.0353722
369.185	-0.0209051
371.301	-0.00778921
373.416	-0.00278155
375.531	-0.0139881
377.645	-0.0143863
379.758	0.0135894
381.871	0.00508304
383.983	0.00611251
386.094	-0.011839
388.205	0.00617684
390.315	-0.019457
392.425	-0.0275254
394.534	-0.00181401
396.642	0.0130878
398.749	-0.0247067
400.856	0.0145165
402.962	0.0118528
405.068	0.0105403
407.173	0.017335
409.277	0.0349391
411.381	0.022817
413.484	0.0174509
415.586	-0.00142714
417.688	0.0148258
419.789	0.0135132
421.89	0.00679586
423.99	0.0338582
426.089	0.0203849
428.187	0.00150681
430.285	-0.00656173
432.383	0.016447
434.479	0.00972957
436.575	0.00571451
438.671	-0.0037053
440.765	0.00984511
442.86	0.0139372
444.953	-0.00223865
447.046	0.0180677
449.138	0.00324305
451.23	0.00868624
453.321	0.0167934
455.411	0.0179515
457.501	-0.00508304
459.59	0.0057908
461.678	-0.014284
463.766	0.00225201
465.853	-0.00566214
467.94	-0.0126925
470.026	-0.0399905
472.111	-0.0281038
474.196	-0.00540772
476.28	-0.0070328
478.363	0.01161
480.446	0.00458022
482.528	-0.00785412
484.609	0.00268176
486.69	0.00916415
488.771	0.0088906
490.85	0.0194269
492.929	0.021856
495.008	0.0148267
497.085	0.0402262
499.163	0.00617338
501.239	0.0207636
503.315	0.0110323
505.39	0.0350809
507.465	-0.00572746
509.539	-0.000595351
511.612	0.0112929
513.685	0.0137227
515.757	-0.00951985
517.829	0.0212851
519.9	0.0237152
521.97	0.0356038
524.04	0.0191175
526.109	0.0215479
528.177	0.0253295
530.245	0.00478986
532.312	0.0288395
534.379	0.0380262
536.445	0.0485641
538.51	0.0320784
540.575	0.0318069
542.639	0.0220773
544.703	0.0407226
546.766	0.0134276
548.828	-0.000355363
550.89	0.00612958
552.951	0.00315621
555.011	0.00423665
557.071	0.0255848
559.13	0.0347725
561.189	-0.00198027
563.247	0.00315398
565.304	0.0258538
567.361	0.0080179
569.417	-0.011169
571.473	-0.0181952
573.528	-0.015763
575.582	0.00153246
577.636	0.0228815
579.689	-0.00711452
581.741	-0.0276521
583.793	-0.0117076
585.845	-0.00387015
587.895	-0.0338658
589.945	-0.00846274
591.995	0.00477972
594.044	-0.0103527
596.092	-0.0133244
598.14	-0.0054864
600.187	-0.00980907
602.233	-0.00872681
604.279	-0.0373708
606.324	-0.0241277
608.369	-0.0527715
610.413	-0.0327724
612.456	-0.0438505
614.499	-0.0238512
616.541	-0.0295244
618.583	-0.00817377
620.624	0.0307424
622.665	0.0129087
624.704	0.00588465
626.744	-0.0214072
628.782	-0.0216752
630.82	-0.021943
632.858	-0.0181574
634.895	0.00454501
636.931	-0.0159904
638.966	-0.00274609
641.001	0.0159031
643.036	0.0277963
645.07	0.0234753
647.103	-0.0227324
649.136	-0.0108389
651.168	-0.0462369
653.199	0.000787671
655.23	-0.0454197
657.26	-0.0159604
659.29	-0.0148761
661.319	-0.00973806
663.348	-0.011356
665.375	-0.00486647
667.403	-0.00513302
669.43	-0.0026971
671.456	0.0105484
673.481	-0.0167416
675.506	-0.000793444
677.53	-0.00511314
679.554	0.0148886
681.577	-0.000240318
683.6	0.00624966
685.622	0.0181446
687.643	0.00540476
689.664	0.0110026
691.684	-0.0192383
693.704	-0.00698521
695.723	-0.0271602
697.742	0.0269804
699.759	-0.0296754
701.777	-0.0133676
703.793	-0.0240822
705.81	-0.00101785
707.825	-0.0103807
709.84	0.0288991
711.854	0.0168346
713.868	0.0358472
715.881	0.0345927
717.894	0.0333382
719.906	0.0510009
721.917	0.0497477
723.928	0.0579528
725.939	0.0634554
727.948	0.0459892
729.957	0.0271717
731.966	0.0367292
733.974	0.0219659
735.981	0.0274711
737.988	0.0208156
739.994	0.0249701
742	0.0466902
744.005	-0.000499768
746.01	0.0252746
748.013	0.0348358
750.017	0.026831
752.02	0.0593624
754.022	0.031091
756.023	0.0636236
758.024	0.0461624
760.025	0.0422129
762.025	0.0369129
764.024	0.0464766
766.023	0.0398261
768.021	0.0210155
770.018	0.026527
772.015	0.0469014
774.012	0.0389009
776.008	0.0781928
778.003	0.0823542
779.998	0.0784085
781.992	0.0771659
783.985	0.0583584
785.978	0.0665746
787.971	0.0342552
789.962	0.0262585
791.954	0.0371778
793.944	0.03864
795.935	0.00226826
797.924	0.0158918
799.913	-0.00426436
801.902	-9.9129e-005
803.889	0.0229839
805.877	0.00823315
807.863	0.0448287
809.85	0.034132
811.835	0.0396509
813.82	0.00868772
815.805	0.0263673
817.789	0.0521547
819.772	0.0590259
821.755	0.0726533
823.737	0.0903347
825.718	0.0877489
827.699	0.120294
829.68	0.079875
831.66	0.10026
833.639	0.085515
835.618	0.0896863
837.596	0.083049
839.574	0.0737091
841.551	0.0765305
843.528	0.111781
845.504	0.103793
847.479	0.106616
849.454	0.0932244
851.428	0.112262
853.402	0.128597
855.375	0.136826
857.348	0.127489
859.32	0.0857248
861.292	0.0953053
863.263	0.100833
865.233	0.0644742
867.203	0.0524371
869.172	0.066073
871.141	0.0580901
873.109	0.0676731
875.077	0.062393
877.044	0.0746791
879.01	0.081561
880.976	0.0627702
882.942	0.0791105
884.906	0.0373508
886.871	0.0496382
888.834	0.0173375
890.798	0.0701612
892.76	0.087855
894.722	0.0609597
896.684	0.0421715
898.645	0.058515
900.605	0.0370256
902.565	0.0290481
904.524	0.0548511
906.483	0.0428207
908.441	0.0240351
910.399	0.0336243
912.356	0.00132727
914.313	0.0190243
916.269	0.0448292
918.224	0.0395572
920.179	0.0410412
922.134	0.0452277
924.087	0.0602249
926.041	0.0427929
927.993	0.0226596
929.946	0.0552223
931.897	0.0350898
933.848	0.0608977
935.799	0.0461699
937.749	0.0354963
939.698	0.035633
941.647	0.0398231
943.596	0.0169893
945.543	0.0333415
947.491	0.0145621
949.437	-0.00286501
951.384	0.0175407
953.329	0.0325428
955.274	0.0394378
957.219	0.0436304
959.163	-0.00892623
961.106	0.0168866
963.049	0.0210805
964.992	-0.00310054
966.934	0.0132546
968.875	0.0102947
970.816	0.00694892
972.756	-0.00823579
974.696	0.0251628
976.635	-0.03332
978.573	-0.0188391
980.512	-0.0354351
982.449	-0.0169011
984.386	-0.0199861
986.323	-0.0109105
988.259	0.014379
990.194	0.00723938
992.129	0.02307
994.063	0.0159299
995.997	0.0290577
997.93	0.0719111
999.863	0.145842
1001.8	0.330572
1003.73	0.350454
1005.66	0.206841
1007.59	0.107819
1009.52	0.0587896
1011.45	0.0124629
1013.38	0.0458565
1015.31	0.0265537
1017.23	-0.0278851
1019.16	0.00821088
1021.09	0.00106881
1023.01	0.00743352
1024.94	0.00299383
1026.86	0.0309776
1028.79	0.0454545
1030.71	0.123432
1032.64	0.0852128
1034.56	0.0605003
1036.48	0.0357877
1038.41	0.0637765
1040.33	0.0890579
1042.25	0.090018
1044.17	0.0653055
1046.09	0.0378905
1048.01	0.0685766
1049.93	0.057376
1051.84	0.0718429
1053.76	0.0646958
1055.68	0.0507928
1057.6	0.0206754
1059.51	0.0324399
1061.43	0.0590726
1063.34	0.0708371
1065.26	0.0501781
1067.17	0.0551868
1069.09	0.0804681
1071	0.0625065
1072.91	0.0769734
1074.82	0.0671189
1076.74	0.089698
1078.65	0.090653
1080.56	0.0929592
1082.47	0.112831
1084.38	0.10703
1086.29	0.114741
1088.19	0.0738041
1090.1	0.119348
1092.01	0.0784166
1093.92	0.126663
1095.82	0.111399
1097.73	0.0637112
1099.63	0.0889827
1101.54	0.0737234
1103.44	0.0895364
1105.35	0.0904916
1107.25	0.0779296
1109.15	-0.000840535
1111.06	0.0460551
1112.96	0.0551121
1114.86	0.0168777
1116.76	0.0259348
1118.66	0.034992
1120.56	0.0508052
1122.46	0.0206777
1124.36	0.0608122
1126.25	0.0685133
1128.15	0.0329812
1130.05	0.0406871
1131.95	0.00245266
1133.84	-0.0087631
1135.74	-0.0105154
1137.63	-0.0487548
1139.53	-0.0410488
1141.42	-0.00767532
1143.31	-0.0472659
1145.21	-0.0382089
1147.1	-0.0372638
1148.99	-0.0565865
1150.88	-0.0272666
1152.77	-0.015512
1154.66	-0.0199718
1156.55	-0.0433481
1158.44	-0.0437543
1160.33	0.000428679
1162.22	-0.018894
1164.11	-0.0233537
1166	-0.0183552
1167.88	-0.0120104
1169.77	-0.0151189
1171.65	0.0277079
1173.54	0.0286531
1175.42	0.0444561
1177.31	0.0143237
1179.19	0.0058054
1181.08	0.00945288
1182.96	-0.00987496
1184.84	-0.0129885
1186.72	0.0284871
1188.6	0.0361832
1190.49	-0.0182706
1192.37	0.0340146
1194.25	0.0390083
1196.12	0.0291337
1198	0.0435857
1199.88	0.0458769
1201.76	0.103567
1203.64	0.116668
1205.51	0.120305
1207.39	0.11584
1209.26	0.137043
1211.14	0.110959
1213.01	0.125406
1214.89	0.0939177
1216.76	0.112418
1218.64	0.163352
1220.51	0.123752
1222.38	0.150359
1224.25	0.170211
1226.12	0.163039
1227.99	0.149111
1229.86	0.183826
1231.73	0.173951
1233.6	0.147862
1235.47	0.201494
1237.34	0.194321
1239.21	0.16553
1241.08	0.173221
1242.94	0.247115
1244.81	0.191301
1246.67	0.205743
1248.54	0.197219
1250.4	0.214364
1252.27	0.188275
1254.13	0.190556
1256	0.229324
1257.86	0.222147
1259.72	0.217673
1261.58	0.211847
1263.44	0.184402
1265.3	0.212356
1267.17	0.214642
1269.03	0.203411
1270.88	0.207038
1272.74	0.203915
1274.6	0.21025
1276.46	0.212531
1278.32	0.2013
1280.17	0.222493
1282.03	0.209911
1283.89	0.228407
1285.74	0.207713
1287.6	0.204589
1289.45	0.229836
1291.3	0.244272
1293.16	0.203316
1295.01	0.227211
1296.86	0.248404
1298.72	0.247983
1300.57	0.271878
1302.42	0.243077
1304.27	0.256162
1306.12	0.280058
1307.97	0.297197
1309.82	0.285961
1311.67	0.255809
1313.51	0.270241
1315.36	0.292785
1317.21	0.278847
1319.06	0.260855
1320.9	0.279341
1322.75	0.254593
1324.59	0.25146
1326.44	0.249682
1328.28	0.269519
1330.13	0.238015
1331.97	0.232179
1333.81	0.249314
1335.65	0.261043
1337.5	0.225486
1339.34	0.262888
1341.18	0.23138
1343.02	0.247163
1344.86	0.229166
1346.7	0.181443
1348.54	0.15534
1350.37	0.129231
1352.21	0.132853
1354.05	0.133773
1355.89	0.148205
1357.72	0.139662
1359.56	0.108154
1361.39	0.12258
1363.23	0.112691
1365.06	0.125767
1366.9	0.122633
1368.73	0.101929
1370.57	0.113659
1372.4	0.101062
1374.23	0.0911673
1376.06	0.0907311
1377.89	0.0686759
1379.72	0.0655374
1381.55	0.0529406
1383.38	0.0592603
1385.21	0.0520682
1387.04	0.065144
1388.87	0.0782197
1390.7	0.0642716
1392.53	0.0651866
1394.35	0.0674479
1396.18	0.0872795
1398.01	0.055766
1399.83	0.0553249
1401.66	0.0616446
1403.48	0.0422868
1405.31	0.0850887
1407.13	0.0765404
1408.95	0.0842064
1410.78	0.0851214
1412.6	0.0806267
1414.42	0.0882927
1416.24	0.0959586
1418.06	0.129297
1419.88	0.0829155
1421.7	0.131117
1423.52	0.110408
1425.34	0.128884
1427.16	0.144657
1428.98	0.169888
1430.79	0.201871
1432.61	0.208185
1434.43	0.255036
1436.24	0.274857
1438.06	0.320357
1439.88	0.348291
1441.69	0.378922
1443.5	0.393339
1445.32	0.355064
1447.13	0.350564
1448.94	0.383898
1450.76	0.345624
1452.57	0.376255
1454.38	0.308249
1456.19	0.353743
1458	0.314113
1459.81	0.304208
1461.62	0.299709
1463.43	0.278995
1465.24	0.240715
1467.05	0.202436
1468.86	0.160103
1470.66	0.162354
1472.47	0.165961
1474.28	0.149301
1476.08	0.159659
1477.89	0.120028
1479.69	0.0993094
1481.5	0.113726
1483.3	0.0957098
1485.11	0.126341
1486.91	0.0785981
1488.71	0.0740934
1490.51	0.0587792
1492.32	0.0461722
1494.12	0.0416676
1495.92	0.00473436
1497.72	0.024551
1499.52	0.00112959
1501.32	0.00608315
1503.12	0.00833442
1504.92	0.00923442
1506.71	0.00877827
1508.51	0.0137318
1510.31	0.0146319
1512.11	-0.00338473
1513.9	-0.00384088
1515.7	-0.00564326
1517.49	-0.0142065
1519.29	0.00425892
1521.08	-0.0205187
1522.88	-0.0250234
1524.67	-0.0119676
1526.46	-0.0265734
1528.26	-0.0027667
1530.05	0.00141552
1531.84	0.0102222
1533.63	0.00146343
1535.42	-0.0167537
1537.21	0.0123208
1539	0.0238299
1540.79	-0.00925025
1542.58	0.0306337
1544.37	0.0191725
1546.16	0.011765
1547.95	0.0273276
1549.73	0.0347792
1551.52	0.0314252
1553.31	0.0294224
1555.09	0.0476834
1556.88	0.0416271
1558.66	0.0490787
1560.45	0.0605877
1562.23	0.0356108
1564.02	0.076846
1565.8	0.0640297
1567.58	0.0687789
1569.36	0.0910936
1571.15	0.0769301
1572.93	0.0681674
1574.71	0.0864285
1576.49	0.100636
1578.27	0.0932245
1580.05	0.0547357
1581.83	0.0811039
1583.61	0.0736924
1585.39	0.0824953
1587.16	0.0737286
1588.94	0.0703707
1590.72	0.0521497
1592.49	0.0528414
1594.27	0.0629954
1596.05	0.0663934
1597.82	0.0670852
1599.6	0.0880486
1601.37	0.086038
1603.14	0.0894321
1604.92	0.130663
1606.69	0.119194
1608.46	0.0996183
1610.23	0.116524
1612.01	0.101006
1613.78	0.124668
1615.55	0.101038
1617.32	0.109837
1619.09	0.118636
1620.86	0.115274
1622.63	0.115966
1624.4	0.120711
1626.16	0.117345
1627.93	0.108579
1629.7	0.130889
1631.47	0.115367
1633.23	0.137674
1635	0.135663
1636.76	0.141756
1638.53	0.196495
1640.29	0.185022
1642.06	0.170851
1643.82	0.191806
1645.58	0.208708
1647.35	0.237775
1649.11	0.289808
1650.87	0.301305
1652.63	0.284428
1654.39	0.332407
1656.15	0.310125
1657.92	0.305412
1659.67	0.287179
1661.43	0.310837
1663.19	0.311525
1664.95	0.283838
1666.71	0.28993
1668.47	0.285214
1670.22	0.258874
1671.98	0.277127
1673.74	0.241333
1675.49	0.224451
1677.25	0.200818
1679	0.221769
1680.76	0.230564
1682.51	0.224492
1684.27	0.184644
1686.02	0.179924
1687.77	0.169798
1689.53	0.189402
1691.28	0.149551
1693.03	0.14483
1694.78	0.129299
1696.53	0.129983
1698.28	0.0982388
1700.03	0.0975715
1701.78	0.0779876
1703.53	0.0597549
1705.28	0.0644924
1707.03	0.048962
1708.77	0.0388325
1710.52	0.0395164
1712.27	0.0550634
1714.01	0.0408803
1715.76	0.0172428
1717.51	0.0273851
1719.25	0.00914848
1721	0.0314513
1722.74	0.0172683
1724.48	0.0274066
1726.23	0.017281
1727.97	0.0274194
1729.71	0.0267482
1731.46	0.0139202
1733.2	0.0308145
1734.94	0.0368992
1736.68	0.00109718
1738.42	0.0220451
1740.16	0.0213738
1741.9	0.0342146
1743.64	0.0186803
1745.38	0.00719963
1747.12	0.0132844
1748.85	0.0166628
1750.59	0.0132893
1752.33	0.0288323
1754.07	0.00924456
1755.8	0.00856946
1757.54	-0.0137207
1759.27	-0.00763986
1761.01	-0.0056087
1762.74	-0.000879048
1764.48	0.00925932
1766.21	0.0247985
1767.94	-0.00560277
1769.68	-0.000869152
1771.41	-0.00424663
1773.14	0.00373185
1774.87	-0.00212327
1776.6	-0.0063699
1778.33	0.000321716
1780.06	-0.00160858
1781.79	-0.0036032
1783.52	0.00739938
1785.25	0.00486862
1786.98	-0.00171579
1788.71	-0.0123537
1790.44	-0.00407493
1792.17	0.00150145
1793.89	-0.026703
1795.62	0.004546
1797.35	-0.0114967
1799.07	-0.00592135
1800.8	0.0145181
1802.52	0.00252804
1804.25	-0.00540748
1805.97	-0.0106417
1807.69	-0.0050663
1809.42	-0.00624587
1811.14	-0.00472413
1812.86	-0.00590469
1814.58	0.0131826
1816.31	0.00389588
1818.03	0.00271524
1819.75	0.0204513
1821.47	0.000354126
1823.19	-0.0251479
1824.91	0.00610006
1826.63	0.022485
1828.35	-0.00436827
1830.06	-0.00419863
1831.78	-0.0202423
1833.5	-0.00385745
1835.22	-0.0063892
1836.93	0.00729233
1838.65	-0.00604901
1840.36	-0.00452818
1842.08	0.00510077
1843.8	0.00932497
1845.51	-0.0134757
1847.22	0.000205845
1848.94	0.00442996
1850.65	0.00865317
1852.36	-0.0209033
1854.08	0.00223749
1855.79	0.00646062
1857.5	-0.000125684
1859.21	0.0067999
1860.92	0.000213515
1862.63	-0.00367041
1864.34	0.0140647
1866.05	0.0155854
1867.76	0.00629675
1869.47	0.0145735
1871.18	-0.00282237
1872.89	-0.0107599
1874.6	-0.00923903
1876.3	0.0071438
1878.01	0.011367
1879.72	-0.000624051
1881.42	0.010354
1883.13	0.0118749
1884.83	0.00258511
1886.54	0.00545712
1888.24	-0.0119397
1889.95	0.0112001
1891.65	0.000559229
1893.35	0.0169421
1895.06	0.00224871
1896.76	-0.0124458
1898.46	0.00799069
1900.16	-0.0161621
1901.86	0.0110303
1903.56	0.0030918
1905.26	-0.0183587
1906.96	0.0155897
1908.66	-0.00721184
1910.36	-0.00974565
1912.06	0.00393489
1913.76	0.0135619
1915.46	-0.0065374
1917.16	-0.000963992
1918.85	-0.0156595
1920.55	0.00477699
1922.25	-0.00586387
1923.94	0.0199763
1925.64	0.00528188
1927.33	0.0122054
1929.03	0.00156454
1930.72	-0.0171844
1932.42	0.00460315
1934.11	0.00206843
1935.8	0.00764085
1937.5	-0.00435128
1939.19	-0.006886
1940.88	0.0189543
1942.57	0.0123659
1944.26	0.00712879
1945.95	0.00864756
1947.64	0.00746403
1949.33	-0.00993376
1951.02	-0.000307861
1952.71	-0.000140199
1954.4	0.00137857
1956.09	-0.00926328
1957.78	0.00306508
1959.47	0.0153934
1961.15	-0.00200542
1962.84	0.0049181
1964.53	-0.00572375
1966.21	-0.00961064
1967.9	0.00812239
1969.58	0.0136938
1971.27	0.00575435
1972.95	-0.000835009
1974.64	0.0101422
1976.32	-0.0072567
1978	0.0131778
1979.69	-0.00557126
1981.37	0.00270254
1983.05	0.0109763
1984.73	0.00438699
1986.42	0.0167154
1988.1	0.0114772
1989.78	0.0224534
1991.46	-0.0165644
1993.14	-0.000183578
1994.82	0.00133428
1996.5	0.00555444
1998.17	0.000315365
1999.85	0.00318433
2001.53	-0.00205375
2003.21	0.0197319
2004.88	-0.00442386
2006.56	-0.00425719
2008.24	-3.7029e-005
2009.91	-0.00662729
2011.59	-0.0211687
2013.26	-0.0176298
2014.94	-0.0131258
2016.61	0.0178228
2018.29	-0.00643423
2019.96	0.00875056
2021.63	-0.00881489
2023.31	0.000579105
2024.98	0.0149917
2026.65	-0.00842885
2028.32	0.0210399
2029.99	0.0109382
2031.67	-0.00529895
2033.34	0.00143424
2035.01	6.02856e-005
2036.68	-0.0107719
2038.34	0.0175805
2040.01	-0.00541251
2041.68	0.00267186
2043.35	0.00670275
2045.02	-0.00412952
2046.69	-0.00955696
2048.35	0.00933709
2050.02	0.00390957
2051.69	0.0146963
2053.35	-0.00559411
2055.02	-0.00561679
2056.68	0.0105749
2058.35	-0.000257389
2060.01	0.00115804
2061.68	0.00662746
2063.34	0.0175013
2065	0.00810722
2066.66	-0.00804281
2068.33	-0.011935
2069.99	-0.000965147
2071.65	-0.0121607
2073.31	-0.00270238
2074.97	-0.0155708
2076.63	0.0223268
2078.29	0.0036032
2079.95	-0.00784974
2081.61	-0.0068846
2083.27	-0.00373185
2084.93	0.0192384
2086.59	-0.00122089
2088.25	0.00534373
2089.9	-0.00295358
2091.56	-0.000442534
2093.22	0.000717242
2094.87	-0.000824123
2096.53	-0.00642021
2098.19	-0.00120678
2099.84	-4.58533e-005
2101.5	-0.00699313
2103.15	0.00632858
2104.8	0.00343595
2106.46	0.0100006
2108.11	0.000351982
2109.76	0.00962013
2111.42	-0.00678547
2113.07	0.00923862
2114.72	-0.00311234
2116.37	-0.0114096
2118.02	0.00191207
2119.67	0.00037062
2121.33	-0.0119814
2122.98	0.00674506
2124.62	-0.00830712
2126.27	0.00636578
2127.92	-0.0154434
2129.57	-0.0142825
2131.22	0.000390413
2132.87	-0.00250214
2134.51	0.0108206
2136.16	-0.00423261
2137.81	0.015845
2139.45	-0.00190943
2141.1	-0.00615325
2142.75	0.00446608
2144.39	0.00968182
2146.04	-0.00402033
2147.68	-0.00691173
2149.32	-0.00710083
2150.97	0.00622088
2152.61	0.0100854
2154.25	-0.0130739
2155.9	0.00430139
2157.54	-0.00534595
2159.18	0.00122097
2160.82	0.0104902
2162.46	0.00894998
2164.1	-0.00745339
2165.74	0.00451829
2167.38	-0.00512906
2169.02	-0.00666935
2170.66	-0.00820956
2172.3	0.00241093
2173.94	0.0130313
2175.58	0.0141935
2177.22	0.018058
2178.85	0.0124653
2180.49	-0.00528913
2182.13	-0.00412697
2183.76	-0.0110709
2185.4	-0.0153134
2187.03	0.000122798
