279.726	0.06346
281.87	0.0141269
284.012	0.0164998
286.155	0.00359628
288.296	0.00831839
290.437	0.00363903
292.577	0.0377396
294.717	-0.00337148
296.856	0.00604907
298.994	-0.0197869
301.131	0.000208153
303.268	-0.00212529
305.404	0.000241005
307.54	-0.00796951
309.675	-0.000903624
311.809	0.0214385
313.943	0.00382423
316.075	-0.00556577
318.208	-0.0114292
320.339	-0.00201741
322.47	-0.00200708
324.601	-0.00434712
326.73	0.00741276
328.859	-0.00433106
330.987	0.0156541
333.115	-0.0301712
335.242	0.0180173
337.368	-0.00783194
339.494	0.0203772
341.619	-0.00547325
343.744	-0.0195719
345.867	-0.00194267
347.99	-0.00194124
350.113	-0.00311499
352.234	-0.0277946
354.356	-0.00546579
356.476	-0.000766911
358.596	0.00158159
360.715	-0.00547253
362.834	-0.0289792
364.951	-0.0125318
367.069	0.00979254
369.185	-0.0242941
371.301	0.0027288
373.416	0.0168236
375.531	0.00623944
377.645	0.00740616
379.758	-0.00670574
381.871	-0.0196424
383.983	-0.00755478
386.094	-0.00486959
388.205	-0.0174618
390.315	-0.00890082
392.425	-0.0132669
394.534	0.00116981
396.642	-0.0137733
398.749	0.0159406
400.856	-0.00605374
402.962	-0.00101896
405.068	0.0145925
407.173	0.0172767
409.277	0.0164352
411.381	0.0496741
413.484	0.0347303
415.586	0.0209615
417.688	0.0177693
419.789	0.0110514
421.89	-0.00506791
423.99	0.00701697
426.089	-0.0149786
428.187	-0.00524436
430.285	-0.00961236
432.383	0.00247231
434.479	-0.00307123
436.575	0.00196196
438.671	-0.0035815
440.765	-0.00856205
442.86	-0.0191947
444.953	0.0106326
447.046	0.000727461
449.138	0.0233358
451.23	0.00307783
453.321	0.00548422
455.411	-0.00884609
457.501	0.010904
459.59	-0.0104774
461.678	0.00457213
463.766	0.0172713
465.853	-0.00998577
467.94	-0.0278413
470.026	-0.0174923
472.111	0.00343346
474.196	-0.00854598
476.28	-0.000547138
478.363	0.00862704
480.446	0.00839966
482.528	0.00699724
484.609	0.00677015
486.69	0.0206452
488.771	0.026294
490.85	0.0143152
492.929	0.0317161
495.008	0.023263
497.085	-0.003993
499.163	0.00870723
501.239	0.0284588
503.315	0.0235315
505.39	0.00332687
507.465	0.0360056
509.539	0.021677
511.612	0.01675
513.685	0.0365019
515.757	0.0174728
517.829	0.00902039
519.9	0.0217214
521.97	0.0203203
524.04	0.0200943
526.109	0.0116422
528.177	0.0360954
530.245	0.0276435
532.312	0.0344689
534.379	-0.00101222
536.445	0.0398938
538.51	0.0302669
540.575	0.0417934
542.639	0.0157141
544.703	-0.015066
546.766	0.0434681
548.828	0.00798744
550.89	0.0253902
552.951	0.0380923
555.011	0.0120134
557.071	0.0235404
559.13	0.0338924
561.189	0.0348428
563.247	0.0252167
565.304	0.01089
567.361	0.0106655
569.417	0.0022148
571.473	0.0113919
573.528	-0.00293459
575.582	0.0156441
577.636	0.0142448
579.689	0.0151959
581.741	-0.0238091
583.793	0.00769687
585.845	0.0121737
587.895	0.0166507
589.945	-0.0235294
591.995	0.0079769
594.044	-0.00164823
596.092	-0.0112732
598.14	-0.0126719
600.187	-0.00584422
602.233	-0.00724277
604.279	-0.0062908
606.324	-0.0100396
608.369	-0.0290657
610.413	-0.0234129
612.456	-0.0130592
614.499	-0.0215085
616.541	-0.045235
618.583	-0.00550165
620.624	0.00955297
622.665	0.0152062
624.704	-0.0237975
626.744	-0.0216698
628.782	-0.0124906
630.82	-0.0162387
632.858	-0.0282129
634.895	-0.0237345
636.931	0.000722153
638.966	-0.0100766
641.001	-0.00442272
643.036	0.014158
645.07	0.0186368
647.103	0.00548788
649.136	-0.0417414
651.168	-0.0325617
653.199	-0.0257323
655.23	0.011652
657.26	-0.0144236
659.29	-0.00876927
661.319	0.00746182
663.348	-0.00803693
665.375	0.0140704
667.403	-0.00377875
669.43	-0.0122263
671.456	0.0134066
673.481	0.00025865
675.506	-0.0211157
677.53	0.00334222
679.554	-0.0109809
681.577	-0.00767614
683.6	0.0214827
685.622	-0.00106645
687.643	-0.0177397
689.664	0.007163
691.684	-0.0081451
693.704	-0.00112455
695.723	0.0164731
697.742	-0.0164622
699.759	-0.00708956
701.777	-0.00241822
703.793	-0.00362167
705.81	-0.0130521
707.825	0.0127743
709.84	0.000994718
711.854	0.0420992
713.868	0.0444225
715.881	0.0490967
717.894	0.0584718
719.906	0.0325917
721.917	0.0196394
723.928	0.0431179
725.939	0.0618955
727.948	0.0630467
729.957	0.0207159
731.966	-0.00398705
733.974	-0.00166021
735.981	0.0359228
737.988	0.0206225
739.994	0.0241257
742	0.0452568
744.005	0.0193809
746.01	0.0322863
748.013	0.0393169
750.017	0.0334199
752.02	0.049852
754.022	0.0286787
756.023	0.0780171
758.024	0.0650708
760.025	0.0297959
762.025	0.0239012
764.024	0.0426861
766.023	0.0309162
768.021	0.0414753
770.018	0.0402832
772.015	0.0343902
774.012	0.0425996
776.008	0.0496345
778.003	0.0660713
779.998	0.0695811
781.992	0.0813179
783.985	0.0589747
785.978	0.0495587
787.971	0.0283908
789.962	0.043655
791.954	0.0142613
793.944	0.00132151
795.935	0.0330382
797.924	0.0200991
799.913	0.0153861
801.902	0.0247754
803.889	-0.00108954
805.877	0.0306288
807.863	0.0153411
809.85	0.00592872
811.835	0.0423495
813.82	0.0317631
815.805	0.0352789
817.789	0.0564231
819.772	0.0458379
821.755	0.0799097
823.737	0.0775513
825.718	0.0834199
827.699	0.0892884
829.68	0.0916314
831.66	0.0986758
833.639	0.057538
835.618	0.00699889
837.596	0.0610518
839.574	0.0575207
841.551	0.0340119
843.528	0.0622115
845.504	0.0692582
847.479	0.105685
849.454	0.0939294
851.428	0.118605
853.402	0.109201
855.375	0.106847
857.348	0.119772
859.32	0.0715873
861.292	0.0974393
863.263	0.0680583
865.233	0.0375028
867.203	0.0715823
869.172	0.0504287
871.141	0.0457278
873.109	0.0668815
875.077	0.0621811
877.044	0.0245762
879.01	0.0433807
880.976	0.0539589
882.942	0.0939168
884.906	0.0445618
886.871	0.0645422
888.834	0.0657207
890.798	0.0621979
892.76	0.0234208
894.722	0.0516291
896.684	0.0163776
898.645	0.0516377
900.605	0.0434166
902.565	0.0434217
904.524	0.0187486
906.483	0.0399077
908.441	0.0305125
910.399	0.0363947
912.356	0.0211243
914.313	0.0552116
916.269	0.0422922
918.224	0.00234406
920.179	0.0446587
922.134	0.0176377
924.087	0.0388003
926.041	0.0423346
927.993	0.0658482
929.946	0.0447042
931.897	0.0447148
933.848	0.049426
935.799	0.0470861
937.749	0.0482725
939.698	0.0318317
941.647	0.0341938
943.596	0.0283295
945.543	0.0165906
947.491	0.0271796
949.437	-0.00336173
951.384	0.00370229
953.329	0.0401472
955.274	0.0119568
957.219	-0.00213131
959.163	0.00375939
961.106	0.0155266
963.049	0.00966587
964.992	-0.0149977
966.934	0.0171241
968.875	0.0186351
970.816	0.00649149
972.756	-0.00425316
974.696	-0.0185232
976.635	0.00380529
978.573	-0.00805902
980.512	-0.0175723
982.449	-0.0165101
984.386	0.00217994
986.323	0.00441742
988.259	0.0184062
990.194	0.00536508
992.129	0.0181781
994.063	-0.00896581
995.997	0.019124
997.93	0.0284104
999.863	0.150514
1001.8	0.242066
1003.73	0.308935
1005.66	0.190124
1007.59	0.0948174
1009.52	0.0265399
1011.45	0.0464013
1013.38	0.0145545
1015.31	0.0426422
1017.23	0.0342937
1019.16	0.0036221
1021.09	0.00820607
1023.01	0.035113
1024.94	-0.000259367
1026.86	0.0231221
1028.79	0.0406331
1030.71	0.0886933
1032.64	0.0697736
1034.56	0.0708265
1036.48	0.0718795
1038.41	0.0412079
1040.33	0.0657644
1042.25	0.0797444
1044.17	0.0678704
1046.09	0.0759743
1048.01	0.0323702
1049.93	0.0522261
1051.84	0.0379961
1053.76	0.026122
1055.68	0.0424524
1057.6	0.0258774
1059.51	0.0492535
1061.43	0.0197516
1063.34	0.0419523
1065.26	0.0242023
1067.17	0.0487534
1069.09	0.060383
1071	0.0626056
1072.91	0.10596
1074.82	0.0799778
1076.74	0.0939578
1078.65	0.0444723
1080.56	0.0901768
1082.47	0.0853482
1084.38	0.116951
1086.29	0.0968446
1088.19	0.101412
1090.1	0.098934
1092.01	0.0741273
1093.92	0.0928026
1095.82	0.109122
1097.73	0.0643372
1099.63	0.0947587
1101.54	0.0734776
1103.44	0.103899
1105.35	0.100246
1107.25	0.0331271
1109.15	0.0988043
1111.06	0.0328662
1112.96	0.0444847
1114.86	0.0443515
1116.76	0.0453935
1118.66	0.0476106
1120.56	0.0357255
1122.46	0.08495
1124.36	0.0660139
1126.25	0.0411963
1128.15	0.0763186
1130.05	0.0244772
1131.95	0.0125921
1133.84	0.0242052
1135.74	0.000568226
1137.63	-0.0336507
1139.53	-0.000878806
1141.42	-0.029222
1143.31	-0.0258351
1145.21	-0.0482969
1147.1	-0.0225816
1148.99	-0.0109684
1150.88	0.0132342
1152.77	0.00100605
1154.66	-0.00299577
1156.55	0.0282579
1158.44	0.0101539
1160.33	0.00380171
1162.22	-0.00255049
1164.11	0.0169514
1166	0.0117745
1167.88	0.0112945
1169.77	0.0401979
1171.65	0.0514697
1173.54	0.054519
1175.42	0.0187836
1177.31	0.0218329
1179.19	0.0107762
1181.08	0.0373292
1182.96	0.0109951
1184.84	0.0281429
1186.72	0.0347141
1188.6	0.027183
1190.49	0.0419842
1192.37	0.053256
1194.25	0.0304476
1196.12	0.0546428
1198	0.0529878
1199.88	0.0971648
1201.76	0.102561
1203.64	0.119708
1205.51	0.1204
1207.39	0.158701
1209.26	0.145291
1211.14	0.122482
1213.01	0.140801
1214.89	0.119168
1216.76	0.118684
1218.64	0.173438
1220.51	0.130648
1222.38	0.146617
1224.25	0.15671
1226.12	0.143299
1227.99	0.182772
1229.86	0.158784
1231.73	0.188855
1233.6	0.202474
1235.47	0.209041
1237.34	0.18858
1239.21	0.209249
1241.08	0.189963
1242.94	0.189475
1244.81	0.214846
1246.67	0.208483
1248.54	0.184495
1250.4	0.206336
1252.27	0.217604
1254.13	0.186562
1256	0.218984
1257.86	0.199693
1259.72	0.187454
1261.58	0.20342
1263.44	0.219385
1265.3	0.20362
1267.17	0.19256
1269.03	0.193248
1270.88	0.215085
1272.74	0.202846
1274.6	0.201183
1276.46	0.203046
1278.32	0.186106
1280.17	0.206769
1282.03	0.185128
1283.89	0.199918
1285.74	0.198252
1287.6	0.202465
1289.45	0.216076
1291.3	0.232038
1293.16	0.218623
1295.01	0.211081
1296.86	0.256422
1298.72	0.28649
1300.57	0.268371
1302.42	0.257303
1304.27	0.267389
1306.12	0.288051
1307.97	0.245253
1309.82	0.275317
1311.67	0.284228
1313.51	0.266105
1315.36	0.27149
1317.21	0.293327
1319.06	0.277559
1320.9	0.28059
1322.75	0.229566
1324.59	0.247874
1326.44	0.235631
1328.28	0.248063
1330.13	0.26285
1331.97	0.225924
1333.81	0.22778
1335.65	0.241387
1337.5	0.258524
1339.34	0.256854
1341.18	0.222279
1343.02	0.197105
1344.86	0.22599
1346.7	0.191415
1348.54	0.15449
1350.37	0.162218
1352.21	0.144095
1354.05	0.144775
1355.89	0.150157
1357.72	0.110877
1359.56	0.135061
1361.39	0.153366
1363.23	0.127017
1365.06	0.105365
1366.9	0.113097
1368.73	0.0973207
1370.57	0.105052
1372.4	0.079875
1374.23	0.122858
1376.06	0.0835788
1377.89	0.0689781
1379.72	0.063779
1381.55	0.0397768
1383.38	0.0827602
1385.21	0.0681595
1387.04	0.0935151
1388.87	0.0906663
1390.7	0.10192
1392.53	0.0579394
1394.35	0.0609628
1396.18	0.0863184
1398.01	0.0764185
1399.83	0.0911937
1401.66	0.0554398
1403.48	0.0925435
1405.31	0.0779429
1407.13	0.0633385
1408.95	0.067537
1410.78	0.0834912
1412.6	0.0782883
1414.42	0.0977644
1416.24	0.096087
1418.06	0.112037
1419.88	0.116236
1421.7	0.135712
1423.52	0.107005
1425.34	0.140584
1427.16	0.140082
1428.98	0.156032
1430.79	0.173154
1432.61	0.191455
1434.43	0.216807
1436.24	0.287987
1438.06	0.272207
1439.88	0.297559
1441.69	0.362864
1443.5	0.314175
1445.32	0.340703
1447.13	0.370752
1448.94	0.3961
1450.76	0.379145
1452.57	0.325756
1454.38	0.361681
1456.19	0.308292
1458	0.281932
1459.81	0.262623
1461.62	0.253891
1463.43	0.245159
1465.24	0.237602
1467.05	0.198315
1468.86	0.181356
1470.66	0.196124
1472.47	0.149786
1474.28	0.153981
1476.08	0.111165
1477.89	0.101257
1479.69	0.1172
1481.5	0.0908406
1483.3	0.105608
1485.11	0.107453
1486.91	0.078739
1488.71	0.0641272
1490.51	0.0647928
1492.32	0.0525351
1494.12	0.00384302
1495.92	0.0338883
1497.72	0.00517428
1499.52	0.0281684
1501.32	-0.0146478
1503.12	0.0330252
1504.92	-0.00391496
1506.71	-0.00912899
1508.51	0.000938125
1510.31	0.00512938
1512.11	-0.0059569
1513.9	-0.00529493
1515.7	-0.0046293
1517.49	-0.00514251
1519.29	0.00374942
1521.08	0.0180469
1522.88	-0.00290999
1524.67	-0.00167886
1526.46	-0.00912167
1528.26	-0.00290999
1530.05	0.0118523
1531.84	-0.00981621
1533.63	-0.00328017
1535.42	-0.0225983
1537.21	0.00509101
1539	0.0186782
1540.79	0.0134623
1542.58	0.00589601
1544.37	0.0100817
1546.16	0.00486578
1547.95	0.019628
1549.73	0.0437881
1551.52	0.0232949
1553.31	0.0486338
1555.09	0.0633924
1556.88	0.0452495
1558.66	0.052957
1560.45	0.0418652
1562.23	0.0683756
1564.02	0.0608094
1565.8	0.0602906
1567.58	0.0456695
1569.36	0.0886326
1571.15	0.0716648
1572.93	0.089949
1574.71	0.0823791
1576.49	0.0783347
1578.27	0.0672392
1580.05	0.0937497
1581.83	0.087355
1583.61	0.0833106
1585.39	0.112171
1587.16	0.0787437
1588.94	0.053546
1590.72	0.0412754
1592.49	0.0536799
1594.27	0.0660881
1596.05	0.0761459
1597.82	0.0850249
1599.6	0.0739294
1601.37	0.0886844
1603.14	0.121067
1604.92	0.109972
1606.69	0.1165
1608.46	0.111277
1610.23	0.110754
1612.01	0.130214
1613.78	0.109713
1615.55	0.125643
1617.32	0.129821
1619.09	0.0963937
1620.86	0.131127
1622.63	0.120028
1624.4	0.126556
1626.16	0.113103
1627.93	0.11023
1629.7	0.119109
1631.47	0.132689
1633.23	0.139214
1635	0.166896
1636.76	0.13934
1638.53	0.198752
1640.29	0.179423
1642.06	0.189477
1643.82	0.228907
1645.58	0.240133
1647.35	0.276041
1649.11	0.283741
1650.87	0.306719
1652.63	0.299141
1654.39	0.313893
1656.15	0.332169
1657.92	0.345749
1659.67	0.34992
1661.43	0.315314
1663.19	0.321838
1664.95	0.302509
1666.71	0.294932
1668.47	0.269727
1670.22	0.265671
1671.98	0.273372
1673.74	0.244641
1675.49	0.242936
1677.25	0.201278
1679	0.220727
1680.76	0.208448
1682.51	0.205568
1684.27	0.189765
1686.02	0.186884
1687.77	0.181654
1689.53	0.164675
1691.28	0.159444
1693.03	0.156564
1694.78	0.143107
1696.53	0.0967452
1698.28	0.0997409
1700.03	0.0827584
1701.78	0.0928052
1703.53	0.0722972
1705.28	0.0494387
1707.03	0.0606607
1708.77	0.0507257
1710.52	0.0302177
1712.27	0.0508412
1714.01	0.0256287
1715.76	0.0192228
1717.51	0.0468974
1719.25	0.0322616
1721	0.0258559
1722.74	0.0323734
1724.48	0.0224383
1726.23	0.0277844
1727.97	0.0178493
1729.71	0.0337683
1731.46	0.0214866
1733.2	-0.00137545
1734.94	0.0309962
1736.68	0.0175356
1738.42	0.00289987
1740.16	0.0270452
1741.9	0.0241612
1743.64	0.0201021
1745.38	0.00664147
1747.12	0.0237357
1748.85	0.0243736
1750.59	0.00151159
1752.33	0.0103795
1754.07	0.00396998
1755.8	0.017535
1757.54	0.00289923
1759.27	0.015289
1761.01	-0.0110987
1762.74	0.0130429
1764.48	-0.00746878
1766.21	-0.0150571
1767.94	0.00673414
1769.68	0.000324711
1771.41	0.0056634
1773.14	0.000425345
1774.87	0.0198662
1776.6	0.00576403
1778.33	-0.00414112
1780.06	0.00749883
1781.79	-0.00660339
1783.52	0.00111924
1785.25	-0.000446935
1786.98	-0.00318829
1788.71	-0.0153311
1790.44	-0.00397027
1792.17	-0.00201081
1793.89	-0.00710706
1795.62	-0.00856205
1797.35	0.00615573
1799.07	0.00275161
1800.8	0.0169759
1802.52	-0.00170561
1804.25	0.0101684
1805.97	-0.0214402
1807.69	0.00336008
1809.42	-0.00239369
1811.14	0.00360367
1812.86	-0.00332601
1814.58	-0.00908057
1816.31	0.0051438
1818.03	-0.00531143
1819.75	-0.000489254
1821.47	-0.00389345
1823.19	0.0032791
1824.91	-0.00365058
1826.63	0.00822271
1828.35	-0.00340771
1830.06	0.00611449
1831.78	0.00741104
1833.5	-0.0124457
1835.22	-0.0123242
1836.93	0.0160009
1838.65	0.00319532
1840.36	-0.00255989
1842.08	0.00813814
1843.8	0.00708439
1845.51	0.00132918
1847.22	-0.0138275
1848.94	0.00627208
1850.65	0.00756798
1852.36	-0.00406315
1854.08	-0.00864246
1855.79	-0.0108721
1857.5	0.00217564
1859.21	-0.0176819
1860.92	-0.00580922
1862.63	-0.000987832
1864.34	0.00500881
1866.05	0.000428788
1867.76	-0.00180086
1869.47	0.0100717
1871.18	-0.000384245
1872.89	0.00796277
1874.6	-0.00484355
1876.3	-0.0153002
1878.01	0.00127309
1879.72	0.00139381
1881.42	0.00738973
1883.13	-0.00776695
1884.83	-0.00177103
1886.54	0.00657599
1888.24	-0.00740623
1889.95	-0.0202125
1891.65	-0.00246478
1893.35	0.0188086
1895.06	-0.0010488
1896.76	-0.000928801
1898.46	-0.00668472
1900.16	-0.0136158
1901.86	-0.00997028
1903.56	0.00542712
1905.26	-0.00150398
1906.96	-0.00138398
1908.66	-0.00831509
1910.36	3.12015e-005
1912.06	-0.0221772
1913.76	0.00849757
1915.46	-0.00783502
1917.16	-0.00301428
1918.85	0.015908
1920.55	-0.0110013
1922.25	-0.0144068
1923.94	0.00921621
1925.64	-0.00711638
1927.33	-0.0069971
1929.03	0.00369957
1930.72	-0.00205708
1932.42	0.00511411
1934.11	-0.00886883
1935.8	-0.00522399
1937.5	0.000771932
1939.19	-0.0143862
1940.88	0.0115872
1942.57	0.00465541
1944.26	-0.00462679
1945.95	-0.00685787
1947.64	0.00501333
1949.33	0.0192348
1951.02	0.0111278
1952.71	-0.0134318
1954.4	-0.00156058
1956.09	-0.00261648
1957.78	0.0057291
1959.47	-0.0059034
1961.15	0.0141933
1962.84	0.00491112
1964.53	0.00150492
1966.21	0.00984978
1967.9	0.00879387
1969.58	0.00303659
1971.27	0.00315587
1972.95	-0.00612704
1974.64	0.00339379
1976.32	0.00938828
1978	-0.00694574
1979.69	0.0108014
1981.37	0.00974477
1983.05	-0.00776437
1984.73	-0.0123465
1986.42	0.0065757
1988.1	-0.00505751
1989.78	-0.0202163
1991.46	-0.00246994
1993.14	-0.0082273
1994.82	-0.00458318
1996.5	-0.00446454
1998.17	0.00152923
1999.85	-0.00540324
2001.53	-0.00528467
2003.21	0.00423544
2004.88	0.00435329
2006.56	0.0150486
2008.24	-0.0106869
2009.91	-0.00586825
2011.59	0.00482698
2013.26	0.00729527
2014.94	-0.00786357
2016.61	-0.010096
2018.29	0.0229277
2019.96	0.00776824
2021.63	-0.00386576
2023.31	0.0021288
2024.98	-0.00480446
2026.65	0.00118939
2028.32	-0.00456869
2029.99	0.0108266
2031.67	0.000368608
2033.34	-0.000688728
2035.01	-0.0087971
2036.68	-0.00162814
2038.34	0.017292
2040.01	-0.00951337
2041.68	-0.00872997
2043.35	0.00537225
2045.02	-0.0132068
2046.69	0.00453283
2048.35	0.0130389
2050.02	0.010017
2051.69	-0.00531631
2053.35	0.000187281
2055.02	-0.0119391
2056.68	-0.00878591
2058.35	0.00996088
2060.01	-0.0053724
2061.68	-0.00425337
2063.34	-0.00783481
2065	0.00386124
2066.66	0.0132068
2068.33	-0.000951466
2069.99	0.0154453
2071.65	0.00128708
2073.31	0.0084082
2074.97	0.0084782
2076.63	-0.0149556
2078.29	0.0039174
2079.95	0.000461854
2081.61	-0.00651925
2083.27	-0.00292376
2084.93	0.014774
2086.59	-0.00983486
2088.25	0.000811741
2089.9	-0.000293868
2091.56	0.00447688
2093.22	0.0111363
2094.87	0.00990515
2096.53	0.00369347
2098.19	-0.00514846
2099.84	0.0138784
2101.5	-0.00442093
2103.15	-0.0119757
2104.8	0.00322624
2106.46	-0.00742632
2108.11	-0.00632659
2109.76	-0.00640205
2111.42	-0.0123539
2113.07	0.0122495
2114.72	-0.0101545
2116.37	-0.0102299
2118.02	0.0120232
2119.67	0.00137107
2121.33	0.0106966
2122.98	0.0164971
2124.62	0.00937099
2126.27	-0.00950742
2127.92	0.000993786
2129.57	-0.00613278
2131.22	-0.0132593
2132.87	0.0148696
2134.51	-0.00283317
2136.16	0.013544
2137.81	0.0064174
2139.45	0.00281689
2141.1	0.0050918
2142.75	-0.00908588
2144.39	-0.00446016
2146.04	-0.0104115
2147.68	-0.00813613
2149.32	-0.0046856
2150.97	0.00346523
2152.61	-0.0060112
2154.25	-0.0084366
2155.9	-0.0049865
2157.54	0.0125662
2159.18	-0.00161093
2160.82	0.00301478
2162.46	0.017042
2164.1	0.00756554
2165.74	-0.0124876
2167.38	0.0132915
2169.02	0.00734053
2170.66	0.00256484
2172.3	0.000139438
2173.94	0.00476522
2175.58	0.00233983
2177.22	-0.00831186
2178.85	-0.00838639
2180.49	0.00446569
2182.13	0.000865106
2183.76	0.00901688
2185.4	-0.00398518
2187.03	0.00064103
