279.726	0.0231225
281.87	0.0326966
284.012	0.0218718
286.155	0.033844
288.296	0.0194181
290.437	0.0481834
292.577	0.0217584
294.717	0.0217279
296.856	0.010898
298.994	-0.00593227
301.131	-0.0311625
303.268	0.00959363
305.404	-0.00963962
307.54	-0.0012784
309.675	-0.016914
311.809	0.0370343
313.943	0.00340081
316.075	0.00335702
318.208	0.0237108
320.339	0.0068687
322.47	0.000824537
324.601	-0.0148177
326.73	0.0223258
328.859	-0.0293124
330.987	0.00543008
333.115	0.00897881
335.242	0.00172816
337.368	0.00287416
339.494	-0.0379713
341.619	-0.00803287
343.744	-0.0188861
345.867	-0.0285429
347.99	-0.0202035
350.113	-0.011864
352.234	-0.0119262
354.356	0.00241034
356.476	-0.0156497
358.596	-0.0241118
360.715	0.0142148
362.834	-0.0266422
364.951	-0.0243115
367.069	-0.00758208
369.185	-0.00405341
371.301	0.000675154
373.416	0.0030026
375.531	0.0101289
377.645	-0.0199387
379.758	0.0111406
381.871	-0.00334194
383.983	-0.0142257
386.094	-0.0206127
388.205	-0.000605002
390.315	-0.023789
392.425	-0.00858075
394.534	0.00902656
396.642	-0.00575975
398.749	0.00944718
400.856	0.00665795
402.962	0.0230645
405.068	0.00227853
407.173	0.0246832
409.277	-0.0129
411.381	0.0155032
413.484	0.00911326
415.586	0.0267178
417.688	0.0107294
419.789	-0.000460452
421.89	0.00634601
423.99	0.0047539
426.089	-0.00523706
428.187	-0.0140284
430.285	0.0155722
432.383	-0.0232131
434.479	0.00398722
436.575	0.00719251
438.671	-0.029194
440.765	0.0117691
442.86	-0.00839827
444.953	-0.00959802
447.046	0.00776983
449.138	0.00754137
451.23	0.0136895
453.321	-0.00535729
455.411	-0.020805
457.501	0.0165366
459.59	0.00468815
461.678	-0.00476079
463.766	0.00738583
465.853	-0.00686226
467.94	-0.0211103
470.026	0.0102322
472.111	0.00318245
474.196	0.00813026
476.28	-0.00131897
478.363	-0.0143676
480.446	-0.0118193
482.528	-0.00207277
484.609	0.0028749
486.69	0.0150209
488.771	-0.00282686
490.85	0.0321145
492.929	0.0454601
495.008	0.0372102
497.085	0.000166079
499.163	0.0207102
501.239	-0.0103351
503.315	0.00301037
505.39	-0.00643959
507.465	-0.0134899
509.539	0.021451
511.612	0.0144004
513.685	0.00854956
515.757	0.0146962
517.829	0.0136444
519.9	0.0317886
521.97	0.0439339
524.04	0.0284848
526.109	0.0238335
528.177	0.0575742
530.245	0.0385258
532.312	0.044672
534.379	0.0124263
536.445	0.0485664
538.51	0.0391157
540.575	0.0152681
542.639	0.0442095
544.703	0.0143631
546.766	0.0289073
548.828	0.0170569
550.89	0.0136049
552.951	0.0185511
555.011	0.0138991
557.071	0.00804737
559.13	0.014193
561.189	-0.00485598
563.247	0.019286
565.304	0.0110346
567.361	0.00758208
569.417	-0.0150665
571.473	0.0294711
573.528	0.00322331
575.582	0.0237657
577.636	-0.01328
579.689	-0.0011359
581.741	-0.00818796
583.793	-0.0032425
585.845	-0.00549555
587.895	-0.00294959
589.945	-0.00760229
591.995	-0.012255
594.044	-0.0133084
596.092	-0.019161
598.14	-0.0118164
600.187	-0.0104704
602.233	-0.00912468
604.279	-0.026975
606.324	-0.046025
608.369	-0.0182847
610.413	-0.0289366
612.456	-0.0383887
614.499	-0.0358435
616.541	-0.0177013
618.583	0.00643944
620.624	0.00418566
622.665	0.0139294
624.704	-0.0363148
626.744	-0.026571
628.782	-0.0372234
630.82	-0.041877
632.858	-0.0189361
634.895	-0.0115923
636.931	-0.0186454
638.966	-0.00650257
641.001	0.0224368
643.036	0.036979
645.07	0.00952992
647.103	-0.023918
649.136	-0.0213734
651.168	-0.0224281
653.199	-0.0186839
655.23	-0.0185389
657.26	0.00320149
659.29	0.010545
661.319	-0.0133052
663.348	0.00483592
665.375	0.0121791
667.403	0.0159231
669.43	0.0136683
671.456	0.000615547
673.481	-0.028034
675.506	-0.0158919
677.53	0.00464846
679.554	-0.0120037
681.577	-0.0010615
683.6	0.00268216
685.622	-0.01397
687.643	-0.0102265
689.664	0.0066272
691.684	-0.00514186
693.704	-0.0214588
695.723	0.00661563
697.742	0.0166936
699.759	0.00757637
701.777	0.0128557
703.793	-0.0322538
705.81	-0.00657828
707.825	0.00470103
709.84	0.0327767
711.854	0.0260601
713.868	0.0205431
715.881	0.0606171
717.894	0.0491017
719.906	0.0579825
721.917	0.0380696
723.928	0.0781443
725.939	0.0498331
727.948	0.0803105
729.957	0.0531998
731.966	0.0380866
733.974	0.0205742
735.981	0.01386
737.988	0.0119448
739.994	0.029226
742	0.0309105
744.005	0.0229971
746.01	0.039079
748.013	0.0755573
750.017	0.0652449
752.02	0.0381362
754.022	0.0554189
756.023	0.0427081
758.024	0.0683893
760.025	0.0652765
762.025	0.0489667
764.024	0.0494539
766.023	0.059539
768.021	0.0588268
770.018	0.0485169
772.015	0.0202107
774.012	0.0614901
776.008	0.0703767
778.003	0.105658
779.998	0.0845511
781.992	0.0730426
783.985	0.0819301
785.978	0.0668225
787.971	0.0589135
789.962	0.0606033
791.954	0.0586934
793.944	0.0327893
795.935	0.058474
797.924	0.0517663
799.913	0.0294618
801.902	0.0239536
803.889	0.0244451
805.877	0.0381335
807.863	0.00623192
809.85	0.0547134
811.835	0.0276113
813.82	0.0221046
815.805	0.0561899
817.789	0.0542828
819.772	0.0751716
821.755	0.0768641
823.737	0.0833562
825.718	0.0934477
827.699	0.0831435
829.68	0.0944348
831.66	0.0757328
833.639	0.052232
835.618	0.0731221
837.596	0.0556204
839.574	0.0513159
841.551	0.0674077
843.528	0.0703023
845.504	0.0851946
847.479	0.102487
849.454	0.104182
851.428	0.137072
853.402	0.114772
855.375	0.0864749
857.348	0.0725742
859.32	0.0850685
861.292	0.072368
863.263	0.093261
865.233	0.0685637
867.203	0.0738602
869.172	0.0659598
871.141	0.0808546
873.109	0.0405612
875.077	0.0698535
877.044	0.0667528
879.01	0.0768498
880.976	0.0785484
882.942	0.0778476
884.906	0.0495531
886.871	0.0692484
888.834	0.0649494
890.798	0.0666488
892.76	0.0707484
894.722	0.0400552
896.684	0.0405555
898.645	0.056653
900.605	0.0511553
902.565	0.0588548
904.524	0.0353612
906.483	0.0142671
908.441	0.0267664
910.399	0.0284679
912.356	0.0265705
914.313	0.0462687
916.269	0.0371732
918.224	0.0364762
920.179	0.0405784
922.134	0.0434806
924.087	0.0451839
926.041	0.0492864
927.993	0.031794
929.946	0.0586921
931.897	0.0340015
933.848	0.0321063
935.799	0.0434083
937.749	0.0451127
939.698	0.0312207
941.647	0.0353249
943.596	0.0298311
945.543	0.00994102
947.491	0.0164451
949.437	0.0361472
951.384	0.0162571
953.329	0.0455575
955.274	0.0220689
957.219	0.0129773
959.163	0.0530759
961.106	0.0139912
963.049	-0.00229831
964.992	0.0425997
966.934	-0.00728243
968.875	0.00882211
970.816	-0.0266626
972.756	-0.00695833
974.696	-0.0124489
976.635	0.00845539
978.573	-0.0122157
980.512	-0.0208889
982.449	-0.0103669
984.386	0.0205507
986.323	0.00347843
988.259	0.00920084
990.194	-0.00667275
992.129	0.00984714
994.063	0.0095699
995.997	0.00209415
997.93	0.0258114
999.863	0.110716
1001.8	0.25921
1003.73	0.256531
1005.66	0.153073
1007.59	0.0724105
1009.52	0.058934
1011.45	0.0538559
1013.38	0.0259824
1015.31	0.0173049
1017.23	0.0134218
1019.16	0.00234488
1021.09	0.00566499
1023.01	-0.0198138
1024.94	0.0350956
1026.86	0.00961692
1028.79	0.0405313
1030.71	0.0774397
1032.64	0.041168
1034.56	0.0636793
1036.48	0.0561968
1038.41	0.0655158
1040.33	0.0760297
1042.25	0.0721464
1044.17	0.0550659
1046.09	0.0547819
1048.01	0.0604969
1049.93	0.0482154
1051.84	0.0671227
1053.76	0.0356452
1055.68	0.0725537
1057.6	0.0446754
1059.51	0.0299897
1061.43	0.0620991
1063.34	0.0546117
1065.26	0.0543279
1067.17	0.0720356
1069.09	0.0693521
1071	0.0690634
1072.91	0.0471791
1074.82	0.0816832
1076.74	0.0897975
1078.65	0.0715126
1080.56	0.112015
1082.47	0.0997292
1084.38	0.0850435
1086.29	0.0871543
1088.19	0.116855
1090.1	0.117766
1092.01	0.0958815
1093.92	0.0763967
1095.82	0.0940995
1097.73	0.109408
1099.63	0.115113
1101.54	0.0776319
1103.44	0.0689401
1105.35	0.0650522
1107.25	0.0575602
1109.15	0.0764627
1111.06	0.0353825
1112.96	0.0470865
1114.86	0.0108004
1116.76	0.0321025
1118.66	0.0642024
1120.56	0.0399139
1122.46	0.061216
1124.36	0.0885168
1126.25	0.0846193
1128.15	0.0531323
1130.05	0.027644
1131.95	0.0261507
1133.84	0.0294518
1135.74	0.000364232
1137.63	-0.0155309
1139.53	-0.00622621
1141.42	-0.0221213
1143.31	-0.024819
1145.21	-0.0107155
1147.1	-0.00381528
1148.99	-0.00891247
1150.88	-0.00121762
1152.77	-0.0163179
1154.66	-0.0134221
1156.55	0.00507054
1158.44	-0.0112297
1160.33	0.00126434
1162.22	0.019757
1164.11	0.00585626
1166	-0.0176423
1167.88	0.014045
1169.77	0.0265388
1171.65	0.0438292
1173.54	0.0251295
1175.42	0.0520177
1177.31	0.00572387
1179.19	0.00141856
1181.08	0.00191489
1182.96	0.0276034
1184.84	0.0172995
1186.72	0.0285909
1188.6	0.0350835
1190.49	0.0403789
1192.37	0.0300748
1194.25	0.0353677
1196.12	0.0430572
1198	0.0363524
1199.88	0.0764381
1201.76	0.0577358
1203.64	0.0966216
1205.51	0.091114
1207.39	0.144397
1209.26	0.13769
1211.14	0.146581
1213.01	0.132675
1214.89	0.0995763
1216.76	0.124062
1218.64	0.112559
1220.51	0.126247
1222.38	0.105143
1224.25	0.114032
1226.12	0.162513
1227.99	0.147408
1229.86	0.162296
1231.73	0.139991
1233.6	0.136883
1235.47	0.191363
1237.34	0.16666
1239.21	0.183947
1241.08	0.158044
1242.94	0.184927
1244.81	0.184218
1246.67	0.165511
1248.54	0.203194
1250.4	0.196484
1252.27	0.163382
1254.13	0.197464
1256	0.176359
1257.86	0.169649
1259.72	0.155741
1261.58	0.176625
1263.44	0.165116
1265.3	0.1896
1267.17	0.184092
1269.03	0.173783
1270.88	0.174269
1272.74	0.199952
1274.6	0.168047
1276.46	0.202129
1278.32	0.175023
1280.17	0.153913
1282.03	0.180796
1283.89	0.168088
1285.74	0.209365
1287.6	0.167862
1289.45	0.192343
1291.3	0.183231
1293.16	0.198116
1295.01	0.227396
1296.86	0.230282
1298.72	0.239168
1300.57	0.245653
1302.42	0.249738
1304.27	0.294615
1306.12	0.243511
1307.97	0.247597
1309.82	0.226487
1311.67	0.28696
1313.51	0.273047
1315.36	0.242339
1317.21	0.26802
1319.06	0.257708
1320.9	0.238995
1322.75	0.235882
1324.59	0.235165
1326.44	0.252447
1328.28	0.25533
1330.13	0.230621
1331.97	0.214308
1333.81	0.245985
1335.65	0.254866
1337.5	0.238556
1339.34	0.213844
1341.18	0.211928
1343.02	0.151224
1344.86	0.151707
1346.7	0.178585
1348.54	0.147874
1350.37	0.118361
1352.21	0.148838
1354.05	0.119328
1355.89	0.130609
1357.72	0.146686
1359.56	0.107577
1361.39	0.116456
1363.23	0.11574
1365.06	0.113821
1366.9	0.107106
1368.73	0.0811917
1370.57	0.10807
1372.4	0.0929534
1374.23	0.107831
1376.06	0.0927149
1377.89	0.0835975
1379.72	0.0756798
1381.55	0.0773602
1383.38	0.076641
1385.21	0.0435285
1387.04	0.0572065
1388.87	0.0588868
1390.7	0.0665659
1392.53	0.0610478
1394.35	0.031532
1396.18	0.0668055
1398.01	0.0684858
1399.83	0.0497678
1401.66	0.0646454
1403.48	0.0447276
1405.31	0.0536065
1407.13	0.0672818
1408.95	0.0605612
1410.78	0.0742392
1412.6	0.0855149
1414.42	0.0967907
1416.24	0.108066
1418.06	0.0977467
1419.88	0.101824
1421.7	0.114299
1423.52	0.124375
1425.34	0.117655
1427.16	0.139728
1428.98	0.166601
1430.79	0.174275
1432.61	0.18795
1434.43	0.254415
1436.24	0.25489
1438.06	0.299759
1439.88	0.308635
1441.69	0.31151
1443.5	0.321583
1445.32	0.349656
1447.13	0.374126
1448.94	0.339809
1450.76	0.365481
1452.57	0.363557
1454.38	0.301645
1456.19	0.286524
1458	0.272602
1459.81	0.281476
1461.62	0.262755
1463.43	0.26443
1465.24	0.232512
1467.05	0.22339
1468.86	0.193871
1470.66	0.181147
1472.47	0.14203
1474.28	0.165301
1476.08	0.112985
1477.89	0.131456
1479.69	0.134328
1481.5	0.0880135
1483.3	0.0728894
1485.11	0.0973599
1486.91	0.0546415
1488.71	0.0419169
1490.51	0.0531875
1492.32	0.0596616
1494.12	0.037339
1495.92	0.0294135
1497.72	0.021488
1499.52	0.020761
1501.32	0.000837864
1503.12	0.00970889
1504.92	0.0101816
1506.71	0.00345324
1508.51	0.0111245
1510.31	0.0199955
1512.11	-0.0275219
1513.9	-0.021053
1515.7	-0.0253793
1517.49	0.0110834
1519.29	-0.00108552
1521.08	-0.0099408
1522.88	-0.00634154
1524.67	0.00142829
1526.46	0.0018853
1528.26	0.0266802
1530.05	-0.021767
1531.84	-0.0152244
1533.63	0.0117139
1535.42	-0.0105376
1537.21	0.0331972
1539	-0.00585077
1540.79	0.0186881
1542.58	0.00723425
1544.37	0.00297902
1546.16	0.0287176
1547.95	0.0136646
1549.73	0.0250032
1551.52	0.0531413
1553.31	0.0608836
1555.09	0.0494268
1556.88	0.0643676
1558.66	0.0529108
1560.45	0.0642523
1562.23	0.0455971
1564.02	0.0581384
1565.8	0.039483
1567.58	0.0856144
1569.36	0.0945534
1571.15	0.0687026
1572.93	0.0836404
1574.71	0.0925794
1576.49	0.0967194
1578.27	0.104459
1580.05	0.0918022
1581.83	0.0815451
1583.61	0.0964829
1585.39	0.122218
1587.16	0.0735663
1588.94	0.0621095
1590.72	0.0674493
1592.49	0.0703865
1594.27	0.0841245
1596.05	0.0822657
1597.82	0.0960007
1599.6	0.0773454
1601.37	0.0922801
1603.14	0.126411
1604.92	0.123352
1606.69	0.132288
1608.46	0.129227
1610.23	0.134564
1612.01	0.115908
1613.78	0.120045
1615.55	0.119383
1617.32	0.130719
1619.09	0.148053
1620.86	0.126995
1622.63	0.134731
1624.4	0.147267
1626.16	0.143002
1627.93	0.135142
1629.7	0.13208
1631.47	0.129018
1633.23	0.159547
1635	0.156485
1636.76	0.171417
1638.53	0.177954
1640.29	0.190486
1642.06	0.199422
1643.82	0.221552
1645.58	0.243682
1647.35	0.270614
1649.11	0.302343
1650.87	0.332871
1652.63	0.346603
1654.39	0.347138
1656.15	0.35847
1657.92	0.336213
1659.67	0.35954
1661.43	0.309685
1663.19	0.299421
1664.95	0.315553
1666.71	0.284894
1668.47	0.289028
1670.22	0.306356
1671.98	0.278097
1673.74	0.288229
1675.49	0.24677
1677.25	0.226909
1679	0.217842
1680.76	0.20158
1682.51	0.234505
1684.27	0.200247
1686.02	0.188781
1687.77	0.188113
1689.53	0.189847
1691.28	0.161585
1693.03	0.163316
1694.78	0.15545
1696.53	0.127187
1698.28	0.12412
1700.03	0.119852
1701.78	0.115585
1703.53	0.0885223
1705.28	0.0974522
1707.03	0.0655905
1708.77	0.0601203
1710.52	0.060652
1712.27	0.0707816
1714.01	0.0617121
1715.76	0.0454472
1717.51	0.0579764
1719.25	0.03451
1721	0.0278431
1722.74	0.0487674
1724.48	0.0420975
1726.23	0.0510274
1727.97	0.0239617
1729.71	0.0340882
1731.46	0.0418184
1733.2	0.0207515
1734.94	0.0416758
1736.68	0.0410047
1738.42	0.0547306
1740.16	0.0372629
1741.9	0.0233944
1743.64	0.0167245
1745.38	0.0436477
1747.12	0.0333784
1748.85	0.024306
1750.59	0.0176361
1752.33	0.0277627
1754.07	0.00789549
1755.8	0.0144198
1757.54	0.0185476
1759.27	-0.0109207
1761.01	0.0160025
1762.74	-0.0014682
1764.48	-0.0129372
1766.21	0.0223812
1767.94	-0.0178848
1769.68	0.00663884
1771.41	-0.00363338
1773.14	-0.00790684
1774.87	-0.000182775
1776.6	0.00754129
1778.33	-0.0038278
1780.06	0.0111977
1781.79	-0.00617019
1783.52	-0.00948379
1785.25	-0.00314217
1786.98	0.0142256
1788.71	-0.00268516
1790.44	-0.00525609
1792.17	-0.00428481
1793.89	0.0117677
1795.62	0.0170251
1797.35	-0.00617019
1799.07	-0.016968
1800.8	-0.00948379
1802.52	-0.00109006
1804.25	0.00370441
1805.97	-0.00829766
1807.69	0.00729459
1809.42	0.00369079
1811.14	0.00488601
1812.86	-0.00471656
1814.58	-0.0155188
1816.31	0.0156702
1818.03	-0.00832936
1819.75	0.00366363
1821.47	0.0084581
1823.19	0.0072538
1824.91	-0.00474826
1826.63	0.00604497
1828.35	0.00244125
1830.06	-0.0203586
1831.78	0.00363192
1833.5	-0.0131692
1835.22	0.0132209
1836.93	-0.00837916
1838.65	-0.00478444
1840.36	0.0132074
1842.08	-0.0107922
1843.8	0.00719954
1845.51	-3.44167e-006
1847.22	-0.00600675
1848.94	-1.25218e-005
1850.65	-0.0168135
1852.36	-0.00602029
1854.08	-0.0120235
1855.79	0.00116922
1857.5	-0.0108328
1859.21	-0.00603831
1860.92	0.0023555
1862.63	-0.00964657
1864.34	-0.00125277
1866.05	0.016739
1867.76	0.0107358
1869.47	-0.00366582
1871.18	0.00352823
1872.89	-0.00607433
1874.6	0.00471897
1876.3	0.002315
1878.01	-0.0036883
1879.72	0.00230599
1881.42	-0.00849625
1883.13	-0.00610128
1884.83	-0.00370624
1886.54	0.00588731
1888.24	-0.0121134
1889.95	0.0154763
1891.65	-0.00372418
1893.35	-0.00972741
1895.06	0.0310596
1896.76	-0.0169349
1898.46	0.00945516
1900.16	0.00465168
1901.86	0.00464721
1903.56	-0.00615503
1905.26	-0.00735925
1906.96	-0.00376446
1908.66	-0.00736818
1910.36	-0.00497322
1912.06	-0.00497769
1913.76	0.0190129
1915.46	0.00701091
1917.16	0.0202037
1918.85	-0.00739506
1920.55	0.004598
1922.25	0.0117921
1923.94	0.0165866
1925.64	-0.00621317
1927.33	0.0141782
1929.03	-0.0014231
1930.72	-0.00382699
1932.42	0.0105655
1934.11	0.0129606
1935.8	0.000958616
1937.5	-0.00144536
1939.19	-0.00864834
1940.88	-0.0110523
1942.57	-0.00505794
1944.26	-0.00746191
1945.95	-0.000267865
1947.64	0.000927421
1949.33	0.00212278
1951.02	-0.00388045
1952.71	0.00811261
1954.4	0.0175964
1956.09	-0.00377068
1957.78	0.00451335
1959.47	0.00736994
1961.15	0.0038278
1962.84	0.00965514
1964.53	-0.00394321
1966.21	-0.023538
1967.9	0.0138828
1969.58	-0.00660479
1971.27	0.00170107
1972.95	-0.00798886
1974.64	-0.00808127
1976.32	-0.0225701
1978	0.0169298
1979.69	-0.00595783
1981.37	0.0191451
1983.05	-0.00614156
1984.73	-0.0050337
1986.42	0.00927092
1988.1	0.0199769
1989.78	0.0126864
1991.46	-0.00660142
1993.14	0.00290477
1994.82	0.0172099
1996.5	0.0171181
1998.17	0.00742874
1999.85	-0.0166582
2001.53	0.00964452
2003.21	0.0155514
2004.88	-0.00733523
2006.56	-0.0146256
2008.24	-0.0161681
2009.91	-0.00554168
2011.59	0.00971226
2013.26	0.00234239
2014.94	-0.0269088
2016.61	0.00839827
2018.29	0.0159967
2019.96	0.000628435
2021.63	0.000399893
2023.31	-0.00965514
2024.98	-0.00491325
2026.65	-0.00275986
2028.32	0.0101913
2029.99	-0.00445177
2031.67	0.00129934
2033.34	0.0214491
2035.01	-0.00039257
2036.68	0.00416032
2038.34	-0.00568228
2040.01	0.00127012
2041.68	-0.0145728
2043.35	-0.000421861
2045.02	-0.0174645
2046.69	0.00148541
2048.35	0.00603977
2050.02	-0.0062038
2051.69	-0.00285066
2053.35	0.000503949
2055.02	-0.0117397
2056.68	-0.0203825
2058.35	0.0033664
2060.01	0.0043215
2061.68	0.000476196
2063.34	-0.0177647
2065	-0.0156099
2066.66	0.0141393
2068.33	0.0174924
2069.99	-0.0139457
2071.65	-0.0165899
2073.31	0.0119595
2074.97	0.00451643
2076.63	0.0150696
2078.29	-0.00317139
2079.95	-0.0118142
2081.61	-0.0156582
2083.27	0.0212895
2084.93	0.00664792
2086.59	-0.0139925
2088.25	-0.00583891
2089.9	-0.00248276
2091.56	-0.0159247
2093.22	-0.00897083
2094.87	-0.0152127
2096.53	0.0109372
2098.19	-0.0109029
2099.84	-0.0123459
2101.5	0.00420602
2103.15	-0.00443537
2104.8	0.000120459
2106.46	-0.0121217
2108.11	-0.00996533
2109.76	0.00898753
2111.42	0.0099427
2113.07	-0.0262931
2114.72	0.0106561
2116.37	-0.00758333
2118.02	0.0221673
2119.67	-0.0212669
2121.33	0.0024835
2122.98	0.00224031
2124.62	0.00199866
2126.27	0.0113535
2127.92	-0.00688591
2129.57	-0.00233009
2131.22	0.0118238
2132.87	-0.0136142
2134.51	0.00893949
2136.16	0.0086963
2137.81	0.00245435
2139.45	0.00101295
2141.1	0.00196952
2142.75	0.00772517
2144.39	-0.0117125
2146.04	-0.00355745
2147.68	-0.00259934
2149.32	0.00795671
2150.97	0.00651384
2152.61	-0.00932467
2154.25	0.00483072
2155.9	0.000988273
2157.54	-0.0112509
2159.18	0.000504901
2160.82	-0.00933477
2162.46	0.00362079
2164.1	-0.0110179
2165.74	0.0331312
2167.38	0.0172928
2169.02	0.00745313
2170.66	0.0072114
2172.3	-0.00382802
2173.94	0.000729269
2175.58	0.0160844
2177.22	-0.0153509
2178.85	0.00480472
2180.49	0.000963815
2182.13	0.0187184
2183.76	0.00648067
2185.4	-0.0105575
2187.03	-0.0119975
