279.74	0.00932118
281.884	-0.00210199
284.026	0.0353539
286.169	0.0263139
288.31	0.0017722
290.451	0.0213431
292.591	0.0111069
294.73	0.00921494
296.869	0.0168607
299.007	0.0173519
301.145	0.0118819
303.281	0.0207161
305.417	-0.000255708
307.553	-0.000959523
309.688	0.0329102
311.822	0.0262426
313.955	0.0076513
316.088	0.0117123
318.22	0.0121955
320.352	0.0210242
322.483	0.00839135
324.613	0.00291059
326.742	-0.00614819
328.871	-0.00209253
330.999	-0.0147295
333.127	0.0393989
335.254	0.00768492
337.38	-0.0156848
339.506	-0.0271321
341.631	-0.00996707
343.755	-0.0130715
345.879	-0.00544583
348.001	-0.00497619
350.124	0.00622489
352.246	0.0150403
354.367	-0.0250275
356.487	-0.0233683
358.607	0.00690455
360.726	-0.00216769
362.844	-0.0291249
364.962	-0.00123924
367.079	-0.00912194
369.195	-0.0193905
371.311	-0.0046221
373.426	-0.0113153
375.541	-0.00370172
377.655	0.00748735
379.768	0.00794484
381.881	0.00363347
383.993	0.0252641
386.104	-0.0254792
388.215	-0.00468824
390.325	-0.0232414
392.434	-0.0096044
394.543	-0.0198121
396.651	-0.0121366
398.758	0.0122301
400.865	-0.000362604
402.971	0.000159072
405.077	0.00425738
407.182	0.0333925
409.286	0.0279525
411.389	0.016551
413.492	0.0337633
415.595	0.0199773
417.696	0.0181133
419.797	-0.0123644
421.898	0.028692
423.997	0.0101362
426.097	0.00588739
428.195	-0.0150532
430.293	0.00692674
432.39	-0.00328396
434.487	-0.00872572
436.583	0.000139133
438.678	0.00304252
440.773	-0.00716862
442.867	0.00646466
444.96	-0.0168617
447.053	-0.00255482
449.145	0.0075508
451.236	0.00493929
453.327	-0.0145907
455.418	0.00972527
457.507	0.0137739
459.596	-0.00959887
461.684	0.00518023
463.772	-0.0348835
465.859	0.00731736
467.946	-0.0136703
470.031	-0.00604355
472.117	-0.0115318
474.201	0.0139789
476.285	0.0072991
478.368	-0.00772603
480.451	0.0201694
482.533	-0.0175078
484.615	0.0127724
486.695	0.00728629
488.776	0.0172989
490.855	-0.000109298
492.934	-0.00559508
495.012	0.0199176
497.09	0.00727872
499.167	0.00298583
501.244	0.0213455
503.319	0.00751537
505.395	-0.011084
507.469	-0.00703015
509.543	-0.00178413
511.616	0.00346224
513.689	0.00990086
515.761	-0.00631258
517.833	-0.00464262
519.903	-0.00177962
521.974	0.00823643
524.043	0.0289833
526.112	0.0199242
528.181	-0.0117874
530.248	0.00776794
532.316	-0.0167898
534.382	0.0111114
536.448	-0.00748451
538.513	-0.0213111
540.578	0.0006293
542.642	-0.00246685
544.705	0.00755197
546.768	-0.011043
548.83	-0.0153306
550.892	-0.0196183
552.953	-0.0072144
555.013	-0.0150781
557.073	-0.00505827
559.132	-0.00934498
561.191	-0.00409373
563.249	-0.0286481
565.306	-0.0233962
567.363	0.00808492
569.419	-0.0283911
571.474	-0.0314842
573.529	-0.023847
575.583	-0.0209786
577.637	-0.0181101
579.69	-0.0319326
581.742	-0.0493315
583.794	-0.0571925
585.845	-0.0531307
587.896	-0.0466845
589.946	-0.0283155
591.995	-0.0480979
594.044	-0.0488044
596.092	-0.0399726
598.14	-0.0275642
600.187	-0.0604604
602.233	-0.0635504
604.279	-0.0475646
606.324	-0.0637688
608.369	-0.0394369
610.413	-0.0544485
612.456	-0.0527685
614.499	-0.0785099
616.541	-0.0398703
618.583	-0.0441511
620.623	-0.0305476
622.664	-0.0300591
624.704	-0.0593762
626.743	-0.0696171
628.781	-0.0750889
630.819	-0.0698304
632.857	-0.0764943
634.893	-0.0736196
636.929	-0.0719371
638.965	-0.0690625
641	-0.0244592
643.034	0.0225289
645.068	-0.0199007
647.101	-0.0551766
649.134	-0.0475318
651.166	-0.0708851
653.197	-0.0548941
655.228	-0.0567866
657.258	-0.0574865
659.288	-0.045072
661.317	-0.0314647
663.345	-0.067931
665.373	-0.0543234
667.4	-0.0299855
669.427	-0.0545291
671.453	-0.0409208
673.478	-0.0440036
675.503	-0.0602009
677.527	-0.0537454
679.551	-0.0389441
681.574	-0.0599097
683.597	-0.0725296
685.619	-0.043421
687.64	-0.0560402
689.661	-0.081774
691.681	-0.0502801
693.7	-0.0664753
695.719	-0.0647871
697.738	-0.0535608
699.755	-0.0482952
701.773	-0.0537599
703.789	-0.0628006
705.805	-0.0479968
707.821	-0.0415385
709.836	-0.0565401
711.85	0.00833838
713.864	-0.00189387
715.877	0.0105265
717.889	0.00387156
719.901	0.0162925
721.913	9.96926e-005
723.923	0.0172902
725.934	0.0392492
727.943	0.0337875
729.952	0.0128267
731.961	-0.00932613
733.969	0.0221718
735.976	-0.00355721
737.983	-0.0292862
739.989	0.0165194
741.994	0.0229814
743.999	0.0210979
746.004	0.0549814
748.007	0.0352149
750.011	0.0476385
752.013	0.0696007
754.015	0.0510269
756.017	0.0324531
758.018	0.0389165
760.018	0.0382268
762.018	0.0029624
764.017	0.0130033
766.016	0.00992953
768.014	-0.0205653
770.011	-0.0021781
772.008	-0.00286678
774.005	-0.00236308
776	0.0196015
777.996	0.0224899
779.99	0.0325325
781.984	0.0413829
783.978	0.0347342
785.971	0.0197401
787.963	0.00355415
789.955	0.00644407
791.946	-0.0228561
793.936	-0.0187733
795.926	-0.00038378
797.916	-0.0118001
799.905	-0.0112936
801.893	-5.67593e-005
803.881	-0.00902691
805.868	-0.042807
807.855	-0.0389227
809.841	-0.00165562
811.826	-0.0311531
813.811	0.00611458
815.796	-0.00669163
817.78	0.0222309
819.763	0.0130022
821.745	0.0216576
823.728	0.0613106
825.709	0.0496984
827.69	0.0440474
829.67	0.0634337
831.65	0.0637443
833.63	0.00921203
835.608	0.0262149
837.586	0.0301031
839.564	0.0232611
841.541	0.0259575
843.518	0.0250771
845.494	0.0647334
847.469	0.0614694
849.444	0.0605901
851.418	0.0907092
853.392	0.0802924
855.365	0.0996818
857.337	0.0773435
859.309	0.0836188
861.281	0.0457815
863.252	0.015098
865.222	0.0285275
867.192	0.000228929
869.161	0.0375038
871.13	0.016359
873.098	0.0488652
875.065	0.0241447
877.032	0.0161154
878.999	0.0557756
880.964	0.026287
882.93	0.0349495
884.895	0.0245366
886.859	0.048699
888.822	0.00609667
890.785	0.0207218
892.748	0.0460769
894.71	0.0201663
896.671	0.0312154
898.632	0.0363034
900.593	0.0306614
902.552	0.0452881
904.512	0.0336852
906.47	0.00300751
908.429	0.00571188
910.386	0.0191474
912.343	0.0123147
914.3	0.0185968
916.256	0.00341895
918.211	0.0442767
920.166	0.0505596
922.12	0.0294215
924.074	0.0607419
926.027	0.0169518
927.98	0.0303889
929.932	0.05098
931.883	0.053688
933.834	0.0277824
935.785	0.059104
937.735	0.0343909
939.684	0.0418687
941.633	0.031463
943.581	0.0162887
945.529	0.0273437
947.476	0.0348224
949.423	0.0303789
951.369	0.0318968
953.315	0.0226846
955.26	0.0337409
957.204	0.0221451
959.148	0.0117417
961.091	0.00491535
963.034	0.0112036
964.977	-0.000391639
966.918	0.00708967
968.86	0.00264833
970.8	0.00536113
972.74	0.0104586
974.68	0.021517
976.619	-0.0107301
978.558	-0.0111843
980.496	0.00744318
982.433	0.00699449
984.37	-0.00776089
986.306	-0.0511304
988.242	0.0199547
990.178	-0.0114924
992.112	0.014287
994.047	-0.0171605
995.98	0.0324631
997.913	0.0308207
999.846	0.143633
1001.78	0.299366
1003.71	0.32276
1005.64	0.188778
1007.57	0.0989087
1009.5	0.0328844
1011.43	0.0336254
1013.36	0.00336815
1015.29	-0.00781328
1017.22	-0.015418
1019.14	-0.025411
1021.07	-0.0115555
1023	-0.00366126
1024.92	-0.00530859
1026.85	0.00497022
1028.77	0.0259754
1030.7	0.0732134
1032.62	0.0453368
1034.54	0.00553796
1036.46	-0.00922411
1038.39	0.017746
1040.31	0.00656079
1042.23	-0.0153547
1044.15	-0.0205787
1046.07	0.0314244
1047.99	0.0107013
1049.91	0.0209762
1051.83	0.00859874
1053.74	0.0141009
1055.66	0.0124536
1057.58	0.0429965
1059.49	0.015116
1061.41	0.0182376
1063.32	0.0487767
1065.24	0.0018243
1067.15	0.034748
1069.07	0.0426384
1070.98	0.060063
1072.89	0.0381438
1074.8	0.0138401
1076.72	0.0563053
1078.63	0.0689609
1080.54	0.073271
1082.45	0.0656586
1084.36	0.0628151
1086.27	0.107661
1088.17	0.0714311
1090.08	0.075741
1091.99	0.0478606
1093.9	0.0760152
1095.8	0.0743602
1097.71	0.0488642
1099.61	0.086553
1101.52	0.096824
1103.42	0.0772855
1105.33	0.0601351
1107.23	0.0644413
1109.13	0.0472872
1111.03	0.00628835
1112.94	0.0272896
1114.84	0.0351724
1116.74	0.0394784
1118.64	0.0139786
1120.54	0.0492829
1122.44	0.03809
1124.33	0.0555068
1126.23	0.0776965
1128.13	0.103463
1130.03	0.067233
1131.92	0.0309992
1133.82	0.00192268
1135.71	-0.0510024
1137.61	-0.0168904
1139.5	-0.0423941
1141.4	-0.0392802
1143.29	-0.0325934
1145.18	-0.0461747
1147.08	-0.0466375
1148.97	-0.0411431
1150.86	-0.0344562
1152.75	-0.0432686
1154.64	-0.0330051
1156.53	-0.0120116
1158.42	-0.00413266
1160.31	-0.023675
1162.2	-0.0301029
1164.08	-0.00434427
1165.97	-0.0322323
1167.86	-0.0088543
1169.75	-0.01409
1171.63	0.0212066
1173.52	0.00404868
1175.4	0.0131161
1177.28	-0.0219293
1179.17	-0.00451251
1181.05	0.000978297
1182.93	-0.00426117
1184.82	-0.0142658
1186.7	0.04726
1188.58	0.00863789
1190.46	-0.00256275
1192.34	0.013658
1194.22	0.00841857
1196.1	0.0389462
1197.98	0.0515903
1199.86	0.0773489
1201.73	0.0852203
1203.61	0.114556
1205.49	0.129584
1207.36	0.0957271
1209.24	0.133408
1211.11	0.107897
1212.99	0.10385
1214.86	0.103375
1216.74	0.110058
1218.61	0.100046
1220.48	0.129378
1222.35	0.138441
1224.23	0.137971
1226.1	0.181609
1227.97	0.17875
1229.84	0.19139
1231.71	0.180186
1233.58	0.204748
1235.45	0.189967
1237.31	0.201411
1239.18	0.225974
1241.05	0.21477
1242.92	0.233371
1244.78	0.217394
1246.65	0.224073
1248.51	0.18902
1250.38	0.179008
1252.24	0.205951
1254.11	0.179247
1255.97	0.235996
1257.83	0.216442
1259.69	0.210003
1261.56	0.229797
1263.42	0.207858
1265.28	0.22884
1267.14	0.198556
1269	0.202847
1270.86	0.202369
1272.72	0.234081
1274.57	0.216908
1276.43	0.221198
1278.29	0.196876
1280.15	0.247663
1282	0.213799
1283.86	0.199014
1285.71	0.194955
1287.57	0.20163
1289.42	0.219032
1291.28	0.219746
1293.13	0.257415
1294.98	0.273625
1296.83	0.252875
1298.69	0.28101
1300.54	0.298411
1302.39	0.296737
1304.24	0.332022
1306.09	0.285043
1307.94	0.290522
1309.79	0.315077
1311.64	0.328902
1313.48	0.32007
1315.33	0.301705
1317.18	0.294069
1319.03	0.285242
1320.87	0.252565
1322.72	0.289043
1324.56	0.281403
1326.41	0.251116
1328.25	0.236323
1330.09	0.309756
1331.94	0.266353
1333.78	0.301634
1335.62	0.267766
1337.46	0.274433
1339.31	0.295412
1341.15	0.263928
1342.99	0.262249
1344.83	0.241496
1346.67	0.225511
1348.5	0.209522
1350.34	0.1685
1352.18	0.154899
1354.02	0.177066
1355.86	0.178965
1357.69	0.166553
1359.53	0.144607
1361.36	0.148886
1363.2	0.161514
1365.03	0.138372
1366.87	0.139079
1368.7	0.149319
1370.53	0.136907
1372.37	0.137613
1374.2	0.067974
1376.03	0.110405
1377.86	0.0968005
1379.69	0.107041
1381.52	0.0993977
1383.35	0.0846012
1385.18	0.0984183
1387.01	0.0907752
1388.84	0.106977
1390.67	0.107679
1392.49	0.0773799
1394.32	0.123387
1396.15	0.0978607
1397.97	0.105713
1399.8	0.0921085
1401.62	0.0963839
1403.45	0.0827795
1405.27	0.112092
1407.1	0.0794118
1408.92	0.0801106
1410.74	0.0820014
1412.56	0.0981992
1414.39	0.115593
1416.21	0.127022
1418.03	0.137258
1419.85	0.117689
1421.67	0.133887
1423.49	0.152469
1425.31	0.15436
1427.12	0.128826
1428.94	0.152177
1430.76	0.211295
1432.58	0.229877
1434.39	0.281838
1436.21	0.355263
1438.03	0.366692
1439.84	0.388847
1441.66	0.378816
1443.47	0.406932
1445.28	0.413588
1447.1	0.439324
1448.91	0.43525
1450.72	0.410908
1452.53	0.398488
1454.35	0.361035
1456.16	0.407035
1457.97	0.374347
1459.78	0.350005
1461.59	0.36143
1463.4	0.320397
1465.2	0.278167
1467.01	0.264555
1468.82	0.252135
1470.63	0.226601
1472.43	0.18914
1474.24	0.163606
1476.05	0.140456
1477.85	0.15307
1479.66	0.113228
1481.46	0.149686
1483.27	0.0860006
1485.07	0.0878838
1486.87	0.0981128
1488.67	0.0761513
1490.48	0.0792306
1492.28	0.0596536
1494.08	0.0543834
1495.88	0.0324219
1497.68	0.0414587
1499.48	0.00519027
1501.28	0.0201882
1503.08	-0.00415784
1504.88	0.00368666
1506.68	0.0163
1508.47	0.00268035
1510.27	-0.0049743
1512.07	-0.00786
1513.86	0.00236504
1515.66	-0.00409736
1517.46	-0.0141365
1519.25	-0.0147042
1521.04	-0.00618829
1522.84	-0.0136256
1524.63	-0.00805283
1526.43	0.00110113
1528.22	0.0293263
1530.01	-0.00682923
1531.8	-0.00721767
1533.59	-0.000452764
1535.38	0.0122734
1537.17	0.00711601
1538.96	0.0067275
1540.75	0.0170692
1542.54	0.00714286
1544.33	0.0413293
1546.12	0.0492865
1547.91	0.0369757
1549.69	0.0449283
1551.48	0.0814992
1553.27	0.0608427
1555.05	0.0640265
1556.84	0.0707914
1558.62	0.0596684
1560.41	0.0604722
1562.19	0.0934618
1563.98	0.0871122
1565.76	0.0902959
1567.54	0.0815574
1569.32	0.101432
1571.11	0.0998517
1572.89	0.0970743
1574.67	0.144371
1576.45	0.138017
1578.23	0.144777
1580.01	0.15273
1581.79	0.128492
1583.57	0.150752
1585.34	0.152739
1587.12	0.134462
1588.9	0.119763
1590.68	0.0847947
1592.45	0.104665
1594.23	0.105465
1596	0.105067
1597.78	0.116597
1599.55	0.126929
1601.33	0.101499
1603.1	0.154753
1604.88	0.148398
1606.65	0.15277
1608.42	0.152372
1610.19	0.136476
1611.96	0.153962
1613.74	0.169068
1615.51	0.151979
1617.28	0.179003
1619.05	0.142839
1620.82	0.177016
1622.58	0.165884
1624.35	0.133296
1626.12	0.159128
1627.89	0.151577
1629.66	0.179794
1631.42	0.143625
1633.19	0.168264
1634.95	0.183361
1636.72	0.213962
1638.49	0.248139
1640.25	0.234623
1642.01	0.258066
1643.78	0.261245
1645.54	0.335954
1647.3	0.36655
1649.07	0.395958
1650.83	0.453976
1652.59	0.459535
1654.35	0.5104
1656.11	0.529073
1657.87	0.504827
1659.63	0.506809
1661.39	0.474217
1663.15	0.477392
1664.91	0.445992
1666.67	0.43486
1668.42	0.439222
1670.18	0.398284
1671.94	0.403844
1673.69	0.370054
1675.45	0.361307
1677.2	0.33944
1678.96	0.339038
1680.71	0.273059
1682.47	0.303655
1684.22	0.273443
1685.97	0.256345
1687.73	0.242829
1689.48	0.216193
1691.23	0.219363
1692.98	0.186766
1694.73	0.188745
1696.49	0.164498
1698.24	0.13667
1699.99	0.138648
1701.73	0.0953167
1703.48	0.116371
1705.23	0.110003
1706.98	0.0774062
1708.73	0.0555395
1710.47	0.0515519
1712.22	0.0463766
1713.97	0.019741
1715.71	0.0312524
1717.46	0.0451528
1719.2	0.0185127
1720.95	0.0252597
1722.69	0.00100406
1724.44	0.00775106
1726.18	0.0133014
1727.92	0.0116982
1729.67	0.0279831
1731.41	0.0108809
1733.15	0.0271613
1734.89	0.0136358
1736.63	0.0108404
1738.37	0.0330819
1740.11	0.0314788
1741.85	0.0334524
1743.59	0.0163502
1745.33	0.00163241
1747.07	0.0250662
1748.81	0.00677182
1750.54	0.0170865
1752.28	0.0226368
1754.02	0.0114958
1755.75	0.00869589
1757.49	0.00351602
1759.22	0.000716186
1760.96	0.000305263
1762.69	0.0022743
1764.43	-0.00528996
1766.16	-0.00689763
1767.89	0.00103266
1769.63	-0.00772392
1771.36	-0.00813935
1773.09	-0.00259354
1774.82	0.00652892
1776.55	0.00295221
1778.29	0.00936754
1780.02	-0.00187349
1781.75	0.00965141
1783.47	-0.00227095
1785.2	0.00261027
1786.93	0.000338082
1788.66	0.00879601
1790.39	-0.0161287
1792.12	-0.0112475
1793.84	-0.00994364
1795.57	0.002091
1797.3	-0.0037579
1799.02	-0.00483851
1800.75	0.00361942
1802.47	-0.00699907
1804.2	0.00980451
1805.92	-0.00915964
1807.64	-0.00904801
1809.37	0.00179432
1811.09	0.00667489
1812.81	0.0151322
1814.53	0.0021292
1816.26	-0.0156421
1817.98	-0.00718478
1819.7	-0.00230421
1821.42	-0.0176916
1823.14	-0.00327319
1824.86	-0.00554604
1826.58	-0.0018577
1828.29	-0.00651567
1830.01	-0.0171342
1831.73	-0.000331241
1833.45	0.00574157
1835.16	-0.00964653
1836.88	0.00596416
1838.6	-0.0118077
1840.31	0.0193014
1842.03	-0.000855028
1843.74	-0.00789747
1845.46	-0.00659361
1847.17	-0.00648264
1848.89	0.000782405
1850.6	0.00566232
1852.31	-0.0252248
1854.02	0.00111532
1855.74	-0.00592647
1857.45	0.00372239
1859.16	-0.00689676
1860.87	-0.0139392
1862.58	-0.00905929
1864.29	0.0017818
1866	0.0161996
1867.71	-0.00514967
1869.42	0.00211472
1871.13	-0.00611996
1872.84	-0.00839346
1874.54	0.0215228
1876.25	0.00613466
1877.96	-0.00567673
1879.66	-0.00675865
1881.37	0.0100436
1883.07	-0.0136908
1884.78	-0.00881079
1886.48	-0.0122772
1888.19	-0.00143608
1889.89	0.0141733
1891.6	-0.00717597
1893.3	-0.00229671
1895	-0.00695534
1896.7	0.0110385
1898.41	0.0123417
1900.11	-0.00900821
1901.81	0.00302454
1903.51	0.00432709
1905.21	0.00205294
1906.91	0.0128934
1908.61	0.0249261
1910.31	-0.0107307
1912.01	0.0120321
1913.71	-0.000972185
1915.4	-0.000862523
1917.1	-0.00432884
1918.8	0.013665
1920.5	-0.018415
1922.19	-0.00399855
1923.89	0.00803413
1925.58	0.00933603
1927.28	0.00348517
1928.97	0.00121043
1930.67	0.00608969
1932.36	-0.00810748
1934.06	0.000348487
1935.75	0.00522709
1937.44	-0.0065856
1939.13	-0.0136293
1940.83	0.00674904
1942.52	-0.00625589
1944.21	-0.00733847
1945.9	0.00588579
1947.59	0.00122658
1949.28	-0.0129706
1950.97	0.0157527
1952.66	0.00870898
1954.35	-0.00429595
1956.03	0.00892773
1957.72	0.00307621
1959.41	-0.000390839
1961.1	0.0152179
1962.78	-0.000172097
1964.47	-6.24352e-005
1966.16	0.0119696
1967.84	0.000156234
1969.53	0.00622708
1971.21	-0.0055862
1972.9	-0.00786101
1974.58	0.0101315
1976.26	-0.00287406
1977.95	-0.00276432
1979.63	0.000921392
1981.31	-0.00493078
1983	-0.00601335
1984.68	0.00124914
1986.36	0.010896
1988.04	0.0062361
1989.72	-0.00200055
1991.4	0.000493005
1993.08	0.00656319
1994.76	0.00786443
1996.44	0.00797351
1998.12	0.0116592
1999.79	-0.00730819
2001.47	-0.00362248
2003.15	0.00602449
2004.83	0.024017
2006.5	0.0014729
2008.18	-0.0043792
2009.86	-0.0161925
2011.53	0.00299158
2013.21	0.0126385
2014.88	-0.00990559
2016.55	-0.00145158
2018.23	-0.0108804
2019.9	0.0214183
2021.58	0.00960498
2023.25	-0.00459343
2024.92	0.00743728
2026.59	0.0118656
2028.26	0.00806178
2029.94	-0.0161803
2031.61	0.00380382
2033.28	-0.00386058
2034.95	-0.0140797
2036.62	-0.0114114
2038.29	-0.00278186
2039.95	0.0137391
2041.62	-0.00624505
2043.29	0.00442832
2044.96	-0.00885663
2046.63	0.0139662
2048.29	-0.00510957
2049.96	0.00170321
2051.63	0.0131714
2053.29	0.00117455
2054.96	-0.00247696
2056.62	-0.0120893
2058.29	-0.0109719
2059.95	0.00802947
2061.61	-0.00992844
2063.28	0.00430352
2064.94	0.00899809
2066.6	0.0101159
2068.27	0.00527214
2069.93	0.0111589
2071.59	0.0110845
2073.25	0.00027994
2074.91	-0.0021789
2076.57	0.0120535
2078.23	-0.00351995
2079.89	-0.00939599
2081.55	-0.000965126
2083.21	-0.0149881
2084.87	0.0130011
2086.53	0.00329284
2088.19	-0.00942437
2089.84	0.0102759
2091.5	-0.0108436
2093.16	-0.0103312
2094.81	-0.000283869
2096.47	-0.000681257
2098.12	-0.00442722
2099.78	0.00494039
2101.43	2.18305e-006
2103.09	0.010562
2104.74	0.00443159
2106.4	-0.000507632
2108.05	-0.00544591
2109.7	0.00630719
2111.36	-0.0153233
2113.01	0.00596766
2114.66	0.00818287
2116.31	0.00801361
2117.96	0.00188317
2119.61	-0.00305503
2121.26	-0.00441653
2122.91	-0.0177004
2124.56	-0.00237057
2126.21	0.00580582
2127.86	-0.00151686
2129.51	0.00427507
2131.16	0.00529804
2132.8	0.0051298
2134.45	0.00853725
2136.1	2.23399e-005
2137.74	0.00581528
2139.39	-0.0015074
2141.04	-0.00763783
2142.68	0.00292405
2144.33	0.0063315
2145.97	0.0145089
2147.62	0.0250698
2149.26	0.0117869
2150.9	0.00565752
2152.55	0.00429602
2154.19	-0.00660234
2155.83	0.0158819
2157.47	-0.00574659
2159.12	0.00123757
2160.76	0.00941498
2162.4	0.00924674
2164.04	0.00073285
2165.68	-0.000627627
2167.32	-0.00318034
2168.96	-0.00454082
2170.6	-0.00709353
2172.24	-0.00606953
2173.88	-0.0133911
2175.51	0.00670967
2177.15	-0.00418869
2178.79	-0.00435693
2180.43	0.0157428
2182.06	0.0119989
2183.7	0.0142151
2185.33	-0.00288126
2186.97	0.0048773
