279.74	0.0189662
281.884	-0.00480034
284.026	0.0240849
286.169	0.0191932
288.31	0.0292016
290.451	0.00940604
292.591	-0.00343626
294.73	-0.00833168
296.869	0.00862904
299.007	0.00671293
301.145	0.013738
303.281	-0.00407537
305.417	-0.00400649
307.553	-0.0108918
309.688	0.010039
311.822	-0.00181557
313.955	-0.0017496
316.088	0.00725769
318.22	-0.000624919
320.352	-0.00354032
322.483	0.0153997
324.613	0.00751515
326.742	-0.00434423
328.871	-0.00130162
330.999	0.000746434
333.127	-0.00515306
335.254	-0.014034
337.38	-0.00105962
339.506	-0.00100032
341.631	0.0169404
343.755	-0.0267147
345.879	-0.0097684
348.001	-0.00375212
350.124	-0.00270226
352.246	0.00430749
354.367	-0.000605394
356.487	-0.00551918
358.607	-0.0173872
360.726	-0.0113739
362.844	-0.00635494
364.962	-0.0132576
367.079	-0.00625264
369.195	0.00671208
371.311	-0.0180749
373.426	-0.00411764
375.541	0.00189186
377.655	0.0188286
379.768	-0.0175039
381.881	0.00529847
383.993	-0.0172797
386.104	0.00782846
388.215	0.000152197
390.325	0.00141701
392.434	-0.00526603
394.543	-0.00400133
396.651	-0.00273676
398.758	-0.011407
400.865	0.00873328
402.971	0.00503021
405.077	0.0172227
407.182	0.0323954
409.286	-0.000118484
411.389	0.0249886
413.492	-0.00355147
415.595	-0.000300635
417.696	0.00891076
419.797	0.0121614
421.898	-0.00147698
423.997	-0.00120703
426.097	-0.00391741
428.195	0.0112544
430.293	-0.00735168
432.39	-0.00410157
434.487	0.00312235
436.583	-0.00753765
438.678	-0.0112434
440.773	-0.0238905
442.867	0.000851517
444.96	0.0138139
447.053	0.00974542
449.145	0.00042591
451.236	0.00700156
453.327	0.00326424
455.418	-0.00478373
457.507	0.00803123
459.596	-0.00697088
461.684	-0.000116725
463.772	-0.00319717
465.859	0.000676641
467.946	0.00355699
470.031	0.00147013
472.117	-0.0155188
474.201	0.0102115
476.285	0.0130919
478.368	0.0129921
480.451	-2.27993e-005
482.533	0.0127925
484.615	0.0285882
486.695	0.0344493
488.776	-0.00340219
490.855	0.00941319
492.934	0.0182548
495.012	0.00424661
497.09	0.00613398
499.167	-0.000919854
501.244	-0.00896715
503.319	0.00384847
505.395	-0.0091661
507.469	-0.0152263
509.543	-0.00539106
511.616	0.00444422
513.689	0.00533837
515.761	0.00325211
517.833	0.00712666
519.903	0.0149752
521.974	0.0377257
524.043	0.0147767
526.112	0.0216318
528.181	-0.000323616
530.248	0.0144793
532.316	0.035243
534.382	0.0122942
536.448	0.00524092
538.513	0.0339525
540.578	-0.00389819
542.642	0.0258068
544.705	0.0127929
546.768	-0.00320142
548.83	0.00961481
550.892	0.00454864
552.953	0.0064368
555.013	-0.00359665
557.073	0.0092197
559.132	0.0160753
561.191	-0.00389273
563.249	0.0128975
565.306	-0.018992
567.363	0.00276569
569.419	0.00266715
571.474	0.0144902
573.529	0.0203525
575.583	-0.00557606
577.637	-0.00368754
579.69	0.00614871
581.742	-0.00289084
583.794	-0.0248455
585.845	-0.0209699
587.896	-0.0011989
589.946	-0.00129713
591.995	-0.0162974
594.044	-0.0014936
596.092	-0.00556557
598.14	-0.00963761
600.187	-0.0107292
602.233	0.00308124
604.279	-0.0148992
606.324	-9.51991e-005
608.369	-0.0131083
610.413	-0.0181736
612.456	-0.0133042
614.499	-0.00346749
616.541	0.00239544
618.583	-0.00565016
620.623	0.013128
622.664	-0.000878439
624.704	-0.00395659
626.743	-0.00604126
628.781	-0.0140867
630.819	-0.0221321
632.857	-0.00434739
634.893	-0.0143796
636.929	-0.0134838
638.965	-0.00265321
641	0.0101643
643.034	0.0120537
645.068	-0.0118869
647.101	0.00987191
649.134	-0.0120818
651.166	-0.0211204
653.197	0.000638501
655.228	0.00252805
657.258	-0.00154307
659.288	-0.00263386
661.317	-0.00074419
663.345	-0.00580872
665.373	-0.018821
667.4	-0.00401613
669.427	0.0137691
671.453	0.00870466
673.478	-0.0110229
675.503	0.00104052
677.527	0.0121108
679.551	-0.00790044
681.574	0.014902
683.597	-0.00501463
685.619	-0.0125366
687.64	0.000187912
689.661	0.00397114
691.681	-0.0111209
693.7	-0.00932339
695.719	0.0123434
697.738	-0.00672185
699.755	0.00699841
701.773	-0.0180271
703.789	0.00364146
705.805	0.00842112
707.821	0.0211485
709.836	0.0229483
711.85	0.0376639
713.864	0.0275426
715.877	0.0551738
717.889	0.0351191
719.901	0.0488423
721.913	0.0456765
723.923	0.0534402
725.934	0.0234514
727.943	0.0242613
729.952	0.0280515
731.961	0.0258811
733.969	0.0316589
735.976	0.015581
737.983	0.0322875
739.989	0.00329516
741.994	0.0349049
743.999	0.0416779
746.004	0.059379
748.007	0.0631728
750.011	0.0550445
752.013	0.0717539
754.015	0.0526986
756.017	0.0336433
758.018	0.0404186
760.018	0.0342795
762.018	0.0301273
764.017	0.0160411
766.016	0.0158633
768.014	0.0127059
770.011	0.00756196
772.008	0.0143397
774.005	0.00820228
776	0.0110073
777.996	0.0456027
779.99	0.0295325
781.984	0.0224033
783.978	0.023222
785.971	0.0160936
787.963	-0.00792324
789.955	0.0097855
791.946	0.0115995
793.936	-0.0153965
795.926	-0.0175561
797.916	-0.00481344
799.905	-0.0238611
801.893	-0.00118265
803.881	-0.0122842
805.868	-0.0094771
807.855	-0.0126309
809.841	-0.00584983
811.826	-0.00999688
813.811	0.0196339
815.796	-0.00140203
817.78	0.0252485
819.763	0.0121605
821.745	0.0368242
823.728	0.0386382
825.709	0.0642956
827.69	0.0611423
829.67	0.0460675
831.65	0.0468883
833.63	0.0427417
835.608	0.0475365
837.586	0.0314685
839.564	0.0412306
841.541	0.0609274
843.518	0.045853
845.494	0.0566088
847.469	0.0763058
849.444	0.0969963
851.418	0.104772
853.392	0.10758
855.365	0.0795908
857.337	0.0794189
859.309	0.0663317
861.281	0.0671532
863.252	0.0510858
865.222	0.0439597
867.192	0.0408074
869.161	0.0664657
871.13	0.0732483
873.098	0.0691027
875.065	0.0589965
877.032	0.0647857
878.999	0.068588
880.964	0.0525211
882.93	0.0622842
884.895	0.0650933
886.859	0.0649219
888.822	0.0518356
890.785	0.0596121
892.748	0.0614278
894.71	0.0612566
896.671	0.0610856
898.632	0.0579341
900.593	0.0508088
902.552	0.0615661
904.512	0.0623885
906.47	0.0443353
908.429	0.0660207
910.386	0.0668434
912.343	0.0716401
914.3	0.0694824
916.256	0.063351
918.211	0.077089
920.166	0.0560556
922.12	0.0797284
924.074	0.0696232
926.027	0.0883287
927.98	0.0841845
929.932	0.073086
931.883	0.098746
933.834	0.114471
935.785	0.104366
937.735	0.099229
939.684	0.0791897
941.633	0.0651111
943.581	0.0917647
945.529	0.0637777
947.476	0.0516863
949.423	0.0684054
951.369	0.0890984
953.315	0.0948894
955.26	0.0539876
957.204	0.0637527
959.148	0.0804721
961.091	0.0663941
963.034	0.0841069
964.977	0.0869179
966.918	0.0738334
968.86	0.0458471
970.8	0.0784622
972.74	0.0643844
974.68	0.0493132
976.619	0.0660329
978.558	0.0599031
980.496	0.0676816
982.433	0.0327413
984.37	0.0693307
986.306	0.0651879
988.242	0.0809145
990.178	0.0569024
992.112	0.0597141
994.047	0.067493
995.98	0.0405007
997.913	0.107888
999.846	0.168321
1001.78	0.248623
1003.71	0.274285
1005.64	0.186691
1007.57	0.0981042
1009.5	0.100916
1011.43	0.0957806
1013.36	0.0419651
1015.29	0.0566987
1017.22	0.0575238
1019.14	0.0394739
1021.07	0.0611619
1023	0.0371502
1024.92	0.0598325
1026.85	0.0417817
1028.77	0.0654575
1030.7	0.104034
1032.62	0.102873
1034.54	0.0550194
1036.46	0.067767
1038.39	0.0457424
1040.31	0.0723985
1042.23	0.0285185
1044.15	0.0521942
1046.07	0.0480529
1047.99	0.0538461
1049.91	0.0516917
1051.83	0.0525177
1053.74	0.0573184
1055.66	0.0482097
1057.58	0.0698985
1059.49	0.0816534
1061.41	0.0566493
1063.32	0.0703912
1065.24	0.0761845
1067.15	0.0879395
1069.07	0.0917459
1070.98	0.101514
1072.89	0.0953865
1074.8	0.0862787
1076.72	0.0980328
1078.63	0.103827
1080.54	0.0976995
1082.45	0.0925656
1084.36	0.0933925
1086.27	0.111108
1088.17	0.097034
1090.08	0.0760046
1091.99	0.102662
1093.9	0.083619
1095.8	0.076499
1097.71	0.105143
1099.61	0.10001
1101.52	0.10183
1103.42	0.0917298
1105.33	0.0856023
1107.23	0.0794759
1109.13	0.0644081
1111.03	0.0692097
1112.94	0.0442064
1114.84	0.0519884
1116.74	0.0627508
1118.64	0.0764935
1120.54	0.0842755
1122.44	0.080136
1124.33	0.0899057
1126.23	0.0927203
1128.13	0.103483
1130.03	0.0745065
1131.92	0.0395702
1133.82	0.00662016
1135.71	0.00546176
1137.61	0.0102634
1139.5	-0.0296402
1141.4	-0.00198887
1143.29	-0.0150687
1145.18	-0.0182141
1147.08	-0.0223536
1148.97	-0.0165577
1150.86	-0.00752194
1152.75	0.0191123
1154.64	-0.00413601
1156.53	-0.00751491
1158.42	-0.0059266
1160.31	0.00360956
1162.2	0.00917174
1164.08	-0.00315152
1165.97	0.00141719
1167.86	0.0119468
1169.75	0.0363849
1171.63	0.0498917
1173.52	0.0216761
1175.4	0.0292221
1177.28	0.0337877
1179.17	0.0294153
1181.05	0.0111311
1182.93	0.00874256
1184.82	0.00536353
1186.7	0.00496175
1188.58	0.0115144
1190.46	0.0180669
1192.34	0.0136913
1194.22	0.0232243
1196.1	0.0476592
1197.98	0.0393098
1199.86	0.0657317
1201.73	0.0782419
1203.61	0.0867813
1205.49	0.0833993
1207.36	0.118759
1209.24	0.0965012
1211.11	0.0960963
1212.99	0.0897339
1214.86	0.102244
1216.74	0.117738
1218.61	0.116339
1220.48	0.119908
1222.35	0.11851
1224.23	0.129037
1226.1	0.132605
1227.97	0.163992
1229.84	0.152659
1231.71	0.17113
1233.58	0.150855
1235.45	0.177274
1237.31	0.172892
1239.18	0.173481
1241.05	0.184998
1242.92	0.161743
1244.78	0.169283
1246.65	0.1808
1248.51	0.153568
1250.38	0.186941
1252.24	0.184546
1254.11	0.158311
1255.97	0.190687
1257.83	0.202201
1259.69	0.188878
1261.56	0.188473
1263.42	0.184091
1265.28	0.178716
1267.14	0.178308
1269	0.209691
1270.86	0.180472
1272.72	0.222783
1274.57	0.167731
1276.43	0.163349
1278.29	0.193739
1280.15	0.167501
1282	0.193913
1283.86	0.17761
1285.71	0.176205
1287.57	0.157915
1289.42	0.197242
1291.28	0.18988
1293.13	0.183508
1294.98	0.208927
1296.83	0.230372
1298.69	0.239899
1300.54	0.219618
1302.39	0.244044
1304.24	0.253567
1306.09	0.219378
1307.94	0.269634
1309.79	0.235445
1311.64	0.257883
1313.48	0.248528
1315.33	0.238182
1317.18	0.224856
1319.03	0.243321
1320.87	0.236945
1322.72	0.230574
1324.56	0.227179
1326.41	0.211866
1328.25	0.212445
1330.09	0.227926
1331.94	0.216587
1333.78	0.217166
1335.62	0.214765
1337.46	0.223291
1339.31	0.230828
1341.15	0.211538
1342.99	0.202182
1344.83	0.192827
1346.67	0.180491
1348.5	0.168152
1350.34	0.146875
1352.18	0.137519
1354.02	0.137105
1355.86	0.139671
1357.69	0.129319
1359.53	0.136852
1361.36	0.129481
1363.2	0.117145
1365.03	0.13759
1366.87	0.120287
1368.7	0.107948
1370.53	0.10753
1372.37	0.101155
1374.2	0.0788815
1376.03	0.106281
1377.86	0.0770531
1379.69	0.0776291
1381.52	0.0752248
1383.35	0.0738138
1385.18	0.0724029
1387.01	0.0779463
1388.84	0.0944178
1390.67	0.105922
1392.49	0.0965601
1394.32	0.0673321
1396.15	0.0818167
1397.97	0.0893438
1399.8	0.069057
1401.62	0.0825449
1403.45	0.0880883
1405.27	0.0608441
1407.1	0.0723483
1408.92	0.0759015
1410.74	0.0893894
1412.56	0.0810211
1414.39	0.0984861
1416.21	0.0901177
1418.03	0.0946644
1419.85	0.105172
1421.67	0.119653
1423.49	0.118239
1425.31	0.137688
1427.12	0.146205
1428.94	0.133863
1430.76	0.16126
1432.58	0.220447
1434.39	0.233932
1436.21	0.240466
1438.03	0.281771
1439.84	0.299229
1441.66	0.327619
1443.47	0.349052
1445.28	0.341674
1447.1	0.357149
1448.91	0.34679
1450.72	0.331464
1452.53	0.324086
1454.35	0.312738
1456.16	0.300392
1457.97	0.305929
1459.78	0.303519
1461.59	0.26733
1463.4	0.275848
1465.2	0.245617
1467.01	0.22433
1468.82	0.180194
1470.63	0.151953
1472.43	0.159474
1474.24	0.140174
1476.05	0.120875
1477.85	0.133363
1479.66	0.0862461
1481.46	0.0977408
1483.27	0.101291
1485.07	0.102851
1486.87	0.0756005
1488.67	0.0682193
1490.48	0.0449458
1492.28	0.0335908
1494.08	0.0113077
1495.88	0.0267762
1497.68	0.0174081
1499.48	0.0298963
1501.28	0.0344367
1503.08	-0.0116897
1504.88	0.0276221
1506.68	0.00533897
1508.47	0.0208044
1510.27	0.00348859
1512.07	0.0100159
1513.86	-0.00630958
1515.66	-0.00474953
1517.46	-0.0071634
1519.25	0.00532163
1521.04	0.007872
1522.84	0.00545818
1524.63	0.0209236
1526.43	0.00559474
1528.22	0.00516464
1530.01	0.00771501
1531.8	0.0261608
1533.59	0.00784835
1535.38	0.00841178
1537.17	0.00301442
1538.96	0.0115256
1540.75	0.0220237
1542.54	0.0146394
1544.33	0.0350721
1546.12	0.0386159
1547.91	0.0451402
1549.69	0.0526547
1551.48	0.027388
1553.27	0.0587489
1555.05	0.050368
1556.84	0.060866
1558.62	0.0514916
1560.41	0.0520551
1562.19	0.0595696
1563.98	0.0611265
1565.76	0.0964581
1567.54	0.0811229
1569.32	0.0767158
1571.11	0.0822466
1572.89	0.119565
1574.67	0.118139
1576.45	0.12466
1578.23	0.0854812
1580.01	0.103924
1581.79	0.122367
1583.57	0.111999
1585.34	0.12249
1587.12	0.087286
1588.9	0.0928136
1590.68	0.0983412
1592.45	0.0690943
1594.23	0.0875369
1596	0.0741856
1597.78	0.0817001
1599.55	0.0872246
1601.33	0.0977195
1603.1	0.127087
1604.88	0.100824
1606.65	0.120257
1608.42	0.107899
1610.19	0.116404
1611.96	0.121928
1613.74	0.107586
1615.51	0.10417
1617.28	0.10572
1619.05	0.0874016
1620.82	0.108822
1622.58	0.0964604
1624.35	0.0900633
1626.12	0.105522
1627.89	0.107073
1629.66	0.105643
1631.42	0.108184
1633.19	0.124637
1634.95	0.121217
1636.72	0.145617
1638.49	0.173991
1640.25	0.159643
1642.01	0.156223
1643.78	0.206454
1645.54	0.240786
1647.3	0.266176
1649.07	0.279649
1650.83	0.280203
1652.59	0.339371
1654.35	0.340919
1656.11	0.339486
1657.87	0.346994
1659.63	0.349535
1661.39	0.311344
1663.15	0.314878
1664.91	0.286621
1666.67	0.269293
1668.42	0.280772
1670.18	0.269404
1671.94	0.223265
1673.69	0.222823
1675.45	0.204501
1677.2	0.217967
1678.96	0.198651
1680.71	0.186287
1682.47	0.151076
1684.22	0.171496
1685.97	0.171054
1687.73	0.149752
1689.48	0.127453
1691.23	0.132971
1692.98	0.107692
1694.73	0.111223
1696.49	0.115751
1698.24	0.0894778
1699.99	0.0791005
1701.73	0.0796482
1703.48	0.0702644
1705.23	0.0688282
1706.98	0.0634183
1708.73	0.0450932
1710.47	0.043654
1712.22	0.0263224
1713.97	0.0129647
1715.71	0.0244405
1717.46	0.0259848
1719.2	0.00566975
1720.95	0.024103
1722.69	0.0167029
1724.44	0.00334519
1726.18	0.0178014
1727.92	0.0153687
1729.67	0.0188999
1731.41	0.0164673
1733.15	0.0199953
1734.89	0.0284907
1736.63	0.0210907
1738.37	0.0097168
1740.11	0.0132449
1741.85	0.0227337
1743.59	0.0302357
1745.33	0.0168748
1747.07	0.0114617
1748.81	0.00406173
1750.54	0.0165278
1752.28	0.00416044
1754.02	0.00669505
1755.75	-0.00468198
1757.49	0.0117612
1759.22	0.0192599
1760.96	0.00490561
1762.69	-0.00945182
1764.43	0.00301745
1766.16	-0.0123334
1767.89	0.00311307
1769.63	-0.00428699
1771.36	0.0151334
1773.09	-0.0121391
1774.82	-0.00662725
1776.55	-0.00310228
1778.29	-0.000567678
1780.02	-0.00141926
1781.75	-0.00328758
1783.47	0.00875195
1785.2	0.00344166
1786.93	-0.00484903
1788.66	0.0156707
1790.39	-0.00950888
1792.12	0.00288581
1793.84	-0.000756924
1795.57	-0.00113542
1797.3	0.0106916
1799.02	0.00181897
1800.75	0.00288138
1802.47	-0.00400437
1804.2	3.84435e-005
1805.92	-0.00784071
1807.64	-0.0147264
1809.37	0.00421841
1811.09	-0.00862813
1812.81	-0.01154
1814.53	0.0054175
1816.26	0.00449304
1817.98	0.00853542
1819.7	0.0026432
1821.42	0.0166203
1823.14	0.00675417
1824.86	-0.0130466
1826.58	-0.00801073
1828.29	-0.00794258
1830.01	-0.000919733
1831.73	-0.0127728
1833.45	-0.0017761
1835.16	0.00226592
1836.88	0.00134097
1838.6	0.0103508
1840.31	0.00346464
1842.03	-0.00242758
1843.74	-0.00235942
1845.46	-0.00725824
1847.17	-0.0141443
1848.89	-0.0140758
1850.6	-0.00804681
1852.31	0.00195601
1854.02	-0.0138713
1855.74	-0.00188118
1857.45	0.0061347
1859.16	0.00123553
1860.87	-0.000683251
1862.58	-0.00756936
1864.29	-0.00750121
1866	-0.000478785
1867.71	-0.0014041
1869.42	0.00462486
1871.13	-0.000274319
1872.84	-0.00418003
1874.54	-0.00510571
1876.25	-0.00106368
1877.96	-0.0119237
1879.66	-0.00887553
1881.37	-0.0107943
1883.07	0.000201616
1884.78	-0.00767796
1886.48	-0.00761023
1888.19	0.000405657
1889.89	-0.00350048
1891.6	0.00451541
1893.3	0.0075636
1895	-0.00230333
1896.7	-0.00322901
1898.41	-0.00415432
1900.11	-0.00209966
1901.81	0.001942
1903.51	-0.0188531
1905.21	0.00605133
1906.91	0.00214525
1908.61	0.00320645
1910.31	0.00923504
1912.01	0.00731584
1913.71	-0.0035445
1915.4	0.0134118
1917.1	-0.0123506
1918.8	0.0125538
1920.5	-0.00228041
1922.19	-0.000226113
1923.89	0.00381548
1925.58	-0.00207795
1927.28	-0.00896448
1928.97	-0.00591672
1930.67	-0.00386199
1932.36	-0.00776849
1934.06	0.00620777
1935.75	0.00230127
1937.44	0.00733597
1939.13	0.0103837
1940.83	0.00151027
1942.52	-0.00736356
1944.21	0.001645
1945.9	-0.00623536
1947.59	-0.0101419
1949.28	-0.00113335
1950.97	-0.0110007
1952.66	0.00794258
1954.35	-0.00291819
1956.03	0.00211609
1957.72	-0.00874468
1959.41	-0.00370998
1961.1	-0.00662301
1962.78	0.0033786
1964.47	0.00344597
1966.16	-0.00344093
1967.84	-0.00337399
1969.53	0.00364764
1971.21	0.00371459
1972.9	-0.00317231
1974.58	-0.000124972
1976.26	0.00490936
1977.95	0.00795707
1979.63	0.0139849
1981.31	0.00610408
1983	0.000210651
1984.68	-0.000715873
1986.36	0.0192204
1988.04	0.0103462
1989.72	0.00147195
1991.4	-0.00243498
1993.08	0.00657317
1994.76	0.0145879
1996.44	-0.0151492
1998.12	-0.00614101
1999.79	0.00386023
2001.47	-0.0109748
2003.15	-0.00693395
2004.83	0.00505459
2006.5	0.00214077
2008.18	-0.00971389
2009.86	0.00326812
2011.53	0.0142628
2013.21	0.00538857
2014.88	0.00446169
2016.55	-0.0113672
2018.23	-0.00335253
2019.9	-0.00328595
2021.58	-0.0121602
2023.25	0.00777571
2024.92	0.00684876
2026.59	0.000954538
2028.26	0.00400152
2029.94	0.00605539
2031.61	0.00449425
2033.28	-0.00402116
2034.95	0.00246002
2036.62	-0.00141926
2038.29	-0.01476
2039.95	-0.00477809
2041.62	0.0060081
2043.29	-0.00955617
2044.96	0.0143343
2046.63	-0.00369003
2048.29	-0.00397387
2049.96	-0.00506193
2051.63	-0.0021575
2053.29	-0.00620686
2054.96	0.00464529
2056.62	0.00655673
2058.29	0.00946116
2059.95	-0.00154247
2061.61	-0.00161802
2063.28	0.00526033
2064.94	0.0101521
2066.6	0.00411582
2068.27	0.013057
2069.93	0.00803899
2071.59	-0.0148615
2073.25	0.0138983
2074.91	-0.00304128
2076.57	-0.00607237
2078.23	-0.0160578
2079.89	-0.00120648
2081.55	-0.00423757
2083.21	-0.0112426
2084.87	-0.00632595
2086.53	0.00355802
2088.19	0.0233767
2089.84	0.0104111
2091.5	-0.00255461
2093.16	0.00927234
2094.81	0.004305
2096.47	0.000331135
2098.12	-0.000662331
2099.78	0.00629194
2101.43	0.00331154
2103.09	-0.00264926
2104.74	0.0072854
2106.4	-0.0046362
2108.05	-0.0076166
2109.7	-0.00160844
2111.36	0.00529847
2113.01	0.000851517
2114.66	0.0016558
2116.31	-0.00638659
2117.96	-0.00936699
2119.61	-0.00321694
2121.26	-0.00141926
2122.91	0.00534583
2124.56	-0.00179769
2126.21	-0.00369779
2127.86	0.0102976
2129.51	-0.00650459
2131.16	0.00451038
2132.8	0.00161626
2134.45	0.00667043
2136.1	-0.00032113
2137.74	0.0145438
2139.39	0.00655873
2141.04	-0.00838056
2142.68	0.00946479
2144.33	0.0064471
2145.97	-0.00551161
2147.62	0.0103466
2149.26	-0.0165141
2150.9	-0.0235055
2152.55	-0.00665381
2154.19	0.0280805
2155.83	0.00320669
2157.47	-0.00279115
2159.12	-0.000993467
2160.76	-0.00790044
2162.4	0.000189246
2164.04	0.00690697
2165.68	-0.00127731
2167.32	0.0104607
2168.96	-0.000651053
2170.6	0.00413267
2172.24	-0.00300514
2173.88	-0.00616915
2175.51	-0.00635166
2177.15	0.00637986
2178.79	0.00122892
2180.43	0.0139604
2182.06	-0.00410454
2183.7	0.00664005
2185.33	-0.007451
2186.97	0.00523826
