279.74	0.0266944
281.884	0.0296002
284.026	0.00720851
286.169	0.0233102
288.31	0.0141144
290.451	0.00271908
292.591	0.0210163
294.73	0.00851852
296.869	0.00151957
299.007	0.0044172
301.145	0.0205121
303.281	0.0124093
305.417	0.0285014
307.553	0.0138
309.688	0.0166936
311.822	0.0272843
313.955	0.025776
316.088	0.00887106
318.22	-0.00803536
320.352	0.0289471
322.483	0.00544072
324.613	0.0138265
326.742	0.00241488
328.871	0.00310076
330.999	0.0224814
333.127	-0.0054281
335.254	0.0161507
337.38	0.0113337
339.506	0.00431719
341.631	-0.0279954
343.755	-0.0185182
345.879	0.0118547
348.001	-0.00946417
350.124	-0.00658694
352.246	0.0028877
354.367	0.00246294
356.487	-0.00016271
358.607	-0.00388806
360.726	-0.0164129
362.844	-0.020141
364.962	-0.0128714
367.079	-0.00450339
369.195	0.00166375
371.311	-0.00756589
373.426	-0.00909848
375.541	-0.0139304
377.655	0.00900766
379.768	0.000261853
381.881	-0.0156586
383.993	-0.00157112
386.104	-0.00753172
388.215	-0.0123926
390.325	-0.00185694
392.434	0.010878
394.543	-0.01048
396.651	-0.00764335
398.758	0.0182882
400.865	0.00902699
402.971	0.0151624
405.077	0.0168986
407.182	0.00543736
409.286	0.0060733
411.389	0.0133075
413.492	-0.00255342
415.595	0.0189777
417.696	-0.00348243
419.797	0.0070505
421.898	0.0076855
423.997	0.012719
426.097	0.00565532
428.195	0.0106885
430.293	-0.00517403
432.39	-0.0122386
434.487	-0.0237023
436.583	0.006625
438.678	0.00395888
440.773	-0.00860524
442.867	-0.00687256
444.96	-0.00843951
447.053	0.0108892
449.145	0.0115214
451.236	0.00869345
453.327	0.0183295
455.418	-0.00591784
457.507	0.00504562
459.596	0.01161
461.684	-0.00382094
463.772	-0.019252
465.859	0.00820814
467.946	-0.00612304
470.031	-0.0182547
472.117	-0.0149895
474.201	0.00697177
476.285	-0.00515987
478.368	-0.00959305
480.451	0.0101687
482.533	0.0156334
484.615	-0.00419657
486.695	0.0254632
488.776	0.00563323
490.855	0.0176967
492.934	0.00446533
495.012	0.00773061
497.09	0.00439727
499.167	0.00326347
501.244	0.0142272
503.319	0.0163927
505.395	0.0185583
507.469	0.00642685
509.543	0.0239892
511.616	0.0162569
513.689	0.0151231
515.761	0.0304859
517.833	-0.0014413
519.903	0.02162
521.974	0.0204862
524.043	0.0237517
526.112	0.0215182
528.181	0.0115865
530.248	0.0489447
532.316	0.0192171
534.382	0.0268816
536.448	0.0224487
538.513	0.0125169
540.578	0.00478471
542.642	0.0223473
544.705	0.0124155
546.768	0.00578312
548.83	0.012348
550.892	0.000216745
552.953	0.00238252
555.013	0.0133465
557.073	-0.00428363
559.132	0.0143788
561.191	0.00554691
563.249	0.00111407
565.306	0.00437968
567.363	-0.00335234
569.419	0.00761167
571.474	-0.00561927
573.529	0.0229411
575.583	0.00641094
577.637	-0.00462046
579.69	0.00524384
581.742	0.00411051
583.794	-0.00802059
585.845	-0.0179521
587.896	-0.0201853
589.946	-0.0180193
591.995	0.0226387
594.044	-0.00818847
596.092	-0.00602249
598.14	-0.0214528
600.187	-0.018187
602.233	-0.0215198
604.279	-0.0182541
606.324	-0.0237864
608.369	-0.0062236
610.413	-0.030452
612.456	-0.0216873
614.499	-0.0162219
616.541	-0.0415501
618.583	-0.00419133
620.623	0.0375665
622.664	-0.00315842
624.704	0.00560632
626.743	-0.0296197
628.781	-0.039551
630.819	-0.0142897
632.857	-2.60444e-005
634.893	-0.0374516
636.929	-0.00559162
638.965	-0.0144231
641	0.0141376
643.034	0.0349999
645.068	0.0140709
647.101	0.0195365
649.134	-0.0211883
651.166	0.00627266
653.197	0.00184036
655.228	0.00290683
657.258	-0.00922387
659.288	0.0160376
661.317	0.00280709
663.345	0.00937248
665.373	0.00933925
667.4	0.0115056
669.427	-0.000625065
671.453	0.00484063
673.478	0.0037077
675.503	-0.00512369
677.527	-0.00625655
679.551	-0.00958902
681.574	-0.00852241
683.597	0.00244213
685.619	-0.00968844
687.64	0.000261853
689.661	-0.0109453
691.681	-0.0186437
693.7	0.0111983
695.719	0.00254825
697.738	-0.0061017
699.755	-0.00375307
701.773	-0.010203
703.789	-0.000155461
705.805	-0.00220545
707.821	0.0210393
709.836	0.00469289
711.85	0.0103422
713.864	0.0357875
715.877	0.0260406
717.889	0.0404891
719.901	0.0483389
721.913	0.0517897
723.923	0.0684387
725.934	0.0443957
727.943	0.0368502
729.952	0.0271052
731.961	0.0261583
733.969	0.0329103
735.976	0.014368
737.983	0.0288189
739.989	0.0289732
741.994	0.0225294
743.999	0.056777
746.004	0.0437345
748.007	0.0779831
750.011	0.0770386
752.013	0.0672969
754.015	0.0531561
756.017	0.0478134
758.018	0.0501696
760.018	0.0558256
762.018	0.0284885
764.017	0.0297459
766.016	0.0211053
768.014	0.0322611
770.011	0.0192224
772.008	0.0347777
774.005	0.0569317
776	0.0691887
777.996	0.0682479
779.99	0.0640088
781.984	0.0839646
783.978	0.0566304
785.971	0.0578906
787.963	0.0624505
789.955	0.0241195
791.946	0.0209816
793.936	-0.00305149
795.926	0.0268041
797.916	-0.000528271
799.905	0.0271283
801.893	-0.00460233
803.881	0.0120571
805.868	0.0144198
807.855	0.0266806
809.841	-0.00174967
811.826	0.00391337
813.811	0.0227736
815.796	0.0284367
817.78	0.0165039
819.763	0.0485624
821.745	0.0575262
823.728	0.0675893
825.709	0.0270638
827.69	0.0503251
829.67	0.0603896
831.65	0.0671548
833.63	0.0662217
835.608	0.0366953
837.586	0.0434615
839.564	0.0326313
841.541	0.0174025
843.518	0.0417654
845.494	0.0441334
847.469	0.0333046
849.444	0.0686662
851.418	0.0996291
853.392	0.087701
855.365	0.0746736
857.337	0.064946
859.309	0.0541187
861.281	0.0663865
863.252	0.0269656
865.222	0.0502321
867.192	0.0350064
869.161	0.0472757
871.13	0.00455642
873.098	0.0498192
875.065	0.05879
877.032	0.0281693
878.999	0.032741
880.964	0.0527104
882.93	0.0506841
884.895	0.0266628
886.859	0.0334355
888.822	0.053406
890.785	0.0502812
892.748	0.0295602
894.71	0.0220367
896.671	0.0200128
898.632	0.0333855
900.593	0.0357607
902.552	0.0128419
904.512	0.0251154
906.47	0.0065962
908.429	0.00897215
910.386	0.0223469
912.343	0.0203247
914.3	0.0304001
916.256	0.0316777
918.211	0.0428537
920.166	0.0397328
922.12	0.0223153
924.074	0.0312923
926.027	0.0226734
927.98	0.0459479
929.932	0.0659235
931.883	0.0628044
933.834	0.0431888
935.785	0.0587657
937.735	0.0479487
939.684	0.0393318
941.633	0.029615
943.581	0.0275971
945.529	0.0233796
947.476	0.0158634
949.423	0.0127463
951.369	0.00193104
953.315	0.0417055
955.26	0.0176935
957.204	0.0354734
959.148	0.0114619
961.091	0.00944645
963.034	-0.00246696
964.977	0.0142135
966.918	-0.00209805
968.86	0.00468503
970.8	-0.0116261
972.74	0.000104714
974.68	-0.00576064
976.619	-0.000523706
978.558	-0.0111024
980.496	-0.0116037
982.433	-0.00550664
984.37	-0.0137066
986.306	-0.0131086
988.242	0.0061854
990.178	-0.000915177
992.112	0.0469722
994.047	0.00467886
995.98	0.0217724
997.913	0.00367333
999.846	0.116447
1001.78	0.23142
1003.71	0.276007
1005.64	0.154529
1007.57	0.0495467
1009.5	0.0336462
1011.43	0.0320428
1013.36	0.0117432
1015.29	-0.0195542
1017.22	-0.0112598
1019.14	0.00473
1021.07	0.0196231
1023	0.011421
1024.92	0.00761489
1026.85	0.0291066
1028.77	0.0494954
1030.7	0.0687876
1032.62	0.0176914
1034.54	0.0589757
1036.46	-0.00421798
1038.39	0.0337703
1040.31	0.00466946
1042.23	0.0173599
1044.15	0.00695519
1046.07	0.0240447
1047.99	0.0389347
1049.91	0.0153327
1051.83	-0.00167073
1053.74	1.89291e-005
1055.66	0.0259066
1057.58	0.0045042
1059.49	0.0204909
1061.41	0.0133855
1063.32	0.0370705
1065.24	0.0255659
1067.15	0.0283553
1069.07	0.0322476
1070.98	0.0504338
1072.89	0.0576223
1074.8	0.0428155
1076.72	0.045608
1078.63	0.0330006
1080.54	0.0786811
1082.45	0.0473775
1084.36	0.0919582
1086.27	0.0716525
1088.17	0.0788379
1090.08	0.0662305
1091.99	0.0965142
1093.9	0.0740089
1095.8	0.0668974
1097.71	0.0839837
1099.61	0.0845705
1101.52	0.0609654
1103.42	0.0681508
1105.33	0.0764391
1107.23	0.0440328
1109.13	0.0545176
1111.03	0.0507053
1112.94	0.0161024
1114.84	0.022188
1116.74	0.0106774
1118.64	0.03106
1120.54	0.0206492
1122.44	0.0608277
1124.33	0.0757084
1126.23	0.0608984
1128.13	0.0790814
1130.03	0.0532737
1131.92	0.00986665
1133.82	0.0214512
1135.71	-0.0417518
1137.61	-0.0257682
1139.5	-0.0405813
1141.4	-0.0311963
1143.29	-0.0317124
1145.18	-0.0366276
1147.08	-0.0294422
1148.97	-0.0321578
1150.86	-0.00737915
1152.75	-0.0199927
1154.64	-0.000712864
1156.53	0.000970622
1158.42	-0.0226407
1160.31	0.00103815
1162.2	-0.0258724
1164.08	-0.0109947
1165.97	-0.00161287
1167.86	0.0132679
1169.75	0.00725295
1171.63	0.0276293
1173.52	0.0326121
1175.4	0.00239917
1177.28	0.0238754
1179.17	0.00246374
1181.05	0.0206407
1182.93	-0.00847247
1184.82	-0.0155873
1186.7	0.00368944
1188.58	0.0207666
1190.46	0.0257463
1192.34	0.00653109
1194.22	0.0313067
1196.1	0.0527829
1197.98	0.0533636
1199.86	0.0715404
1201.73	0.0732177
1203.61	0.11339
1205.49	0.134866
1207.36	0.101351
1209.24	0.133825
1211.11	0.136602
1212.99	0.107489
1214.86	0.104767
1216.74	0.0976492
1218.61	0.087229
1220.48	0.121899
1222.35	0.130175
1224.23	0.168148
1226.1	0.168726
1227.97	0.158305
1229.84	0.17428
1231.71	0.182556
1233.58	0.167736
1235.45	0.195808
1237.31	0.16009
1239.18	0.217856
1241.05	0.207436
1242.92	0.208013
1244.78	0.203089
1246.65	0.202566
1248.51	0.203141
1250.38	0.201519
1252.24	0.191096
1254.11	0.187274
1255.97	0.171352
1257.83	0.165328
1259.69	0.209893
1261.56	0.204972
1263.42	0.211045
1265.28	0.206121
1267.14	0.213294
1269	0.187474
1270.86	0.188048
1272.72	0.172126
1274.57	0.188094
1276.43	0.166673
1278.29	0.211238
1280.15	0.17552
1282	0.209085
1283.86	0.186564
1285.71	0.197033
1287.57	0.202007
1289.42	0.205877
1291.28	0.218549
1293.13	0.189427
1294.98	0.23069
1296.83	0.233461
1298.69	0.242833
1300.54	0.258801
1302.39	0.261572
1304.24	0.286338
1306.09	0.280311
1307.94	0.267685
1309.79	0.267157
1311.64	0.304021
1313.48	0.261698
1315.33	0.264469
1317.18	0.262841
1319.03	0.260113
1320.87	0.251883
1322.72	0.259053
1324.56	0.228827
1326.41	0.245895
1328.25	0.242064
1330.09	0.264628
1331.94	0.258601
1333.78	0.274566
1335.62	0.287232
1337.46	0.275702
1339.31	0.270775
1341.15	0.244949
1342.99	0.256515
1344.83	0.227389
1346.67	0.201563
1348.5	0.184532
1350.34	0.162005
1352.18	0.17907
1354.02	0.143345
1355.86	0.165909
1357.69	0.13788
1359.53	0.169242
1361.36	0.143413
1363.2	0.152779
1365.03	0.131349
1366.87	0.126418
1368.7	0.128083
1370.53	0.145145
1372.37	0.110521
1374.2	0.109986
1376.03	0.105052
1377.86	0.106717
1379.69	0.0874865
1381.52	0.0924508
1383.35	0.0919162
1385.18	0.103479
1387.01	0.0919467
1388.84	0.0947115
1390.67	0.098576
1392.49	0.0903398
1394.32	0.0777078
1396.15	0.101368
1397.97	0.0887329
1399.8	0.0695023
1401.62	0.0689646
1403.45	0.0893256
1405.27	0.0612937
1407.1	0.0618588
1408.92	0.06682
1410.74	0.0827788
1412.56	0.097638
1414.39	0.0949038
1416.21	0.102064
1418.03	0.13342
1419.85	0.109787
1421.67	0.127946
1423.49	0.11751
1425.31	0.153265
1427.12	0.153824
1428.94	0.137889
1430.76	0.200038
1432.58	0.189603
1434.39	0.236352
1436.21	0.287504
1438.03	0.302363
1439.84	0.31172
1441.66	0.329878
1443.47	0.344734
1445.28	0.356291
1447.1	0.351354
1448.91	0.376108
1450.72	0.356871
1452.53	0.35853
1454.35	0.359092
1456.16	0.312361
1457.97	0.296423
1459.78	0.323377
1461.59	0.241453
1463.4	0.282704
1465.2	0.217273
1467.01	0.226631
1468.82	0.229389
1470.63	0.166161
1472.43	0.187613
1474.24	0.154079
1476.05	0.116146
1477.85	0.106804
1479.66	0.111762
1481.46	0.118917
1483.27	0.116176
1485.07	0.0991359
1486.87	0.0853948
1488.67	0.0892501
1490.48	0.0865097
1492.28	0.0474739
1494.08	0.04693
1495.88	0.013393
1497.68	0.0172483
1499.48	-0.00309143
1501.28	0.0194598
1503.08	-0.00637872
1504.88	-0.0124214
1506.68	0.00463106
1508.47	0.00298429
1510.27	0.00354022
1512.07	-0.00800139
1513.86	-0.00414924
1515.66	-0.00469309
1517.46	0.0145589
1519.25	-0.00272325
1521.04	-0.0031946
1522.84	0.00455622
1524.63	0.0239738
1526.43	-0.021491
1528.22	0.00672468
1530.01	0.0107455
1531.8	-0.00173027
1533.59	-0.00320836
1535.38	-0.011285
1537.17	0.00373347
1538.96	-0.00324346
1540.75	0.00627615
1542.54	0.0278933
1544.33	0.00991867
1546.12	0.0315358
1547.91	0.0388559
1549.69	0.0340745
1551.48	0.0336962
1553.27	0.0421161
1555.05	0.0637291
1556.84	0.0446547
1558.62	0.0640683
1560.41	0.0537921
1562.19	0.0798042
1563.98	0.0662287
1565.76	0.0768441
1567.54	0.0786613
1569.32	0.100274
1571.11	0.111993
1572.89	0.110511
1574.67	0.131025
1576.45	0.120744
1578.23	0.13026
1580.01	0.126578
1581.79	0.111899
1583.57	0.134612
1585.34	0.11223
1587.12	0.122846
1588.9	0.0773727
1590.68	0.0901877
1592.45	0.0733047
1594.23	0.118013
1596	0.0758353
1597.78	0.0985482
1599.55	0.0992616
1601.33	0.107677
1603.1	0.118289
1604.88	0.120106
1606.65	0.124119
1608.42	0.0995374
1610.19	0.117847
1611.96	0.12296
1613.74	0.126976
1615.51	0.143087
1617.28	0.138301
1619.05	0.122518
1620.82	0.138628
1622.58	0.137138
1624.35	0.115856
1626.12	0.109971
1627.89	0.115083
1629.66	0.127894
1631.42	0.125304
1633.19	0.16341
1634.95	0.15972
1636.72	0.164833
1638.49	0.174344
1640.25	0.19155
1642.01	0.219754
1643.78	0.233665
1645.54	0.279465
1647.3	0.291172
1649.07	0.319379
1650.83	0.350882
1652.59	0.36149
1654.35	0.384194
1656.11	0.425595
1657.87	0.423005
1659.63	0.384123
1661.39	0.376034
1663.15	0.369045
1664.91	0.376353
1666.67	0.338571
1668.42	0.341476
1670.18	0.31689
1671.94	0.337395
1673.69	0.317205
1675.45	0.306917
1677.2	0.306522
1678.96	0.26984
1680.71	0.278243
1682.47	0.249259
1684.22	0.202674
1685.97	0.226475
1687.73	0.216186
1689.48	0.214692
1691.23	0.2055
1692.98	0.205105
1694.73	0.15962
1696.49	0.154831
1698.24	0.13684
1699.99	0.133146
1701.73	0.115152
1703.48	0.0861631
1705.23	0.0978662
1706.98	0.0699775
1708.73	0.0442884
1710.47	0.062586
1712.22	0.0445953
1713.97	0.0365024
1715.71	0.0328047
1717.46	0.0148139
1719.2	0.0155153
1720.95	0.0184201
1722.69	0.0279197
1724.44	0.00992894
1726.18	-0.00146721
1727.92	0.0267284
1729.67	0.00103929
1731.41	0.00284038
1733.15	0.0200382
1734.89	0.00424302
1736.63	0.0104432
1738.37	-0.000952968
1740.11	0.0118458
1741.85	0.0158464
1743.59	0.0187473
1745.33	0.0238477
1747.07	0.0256488
1748.81	0.0186518
1750.54	0.00285253
1752.28	0.0145515
1754.02	0.00535494
1755.75	0.00605216
1757.49	0.004554
1759.22	-0.0101456
1760.96	0.000453695
1762.69	-0.00104855
1764.43	0.00515168
1766.16	0.00144989
1767.89	0.0153444
1769.63	-0.0150302
1771.36	-0.00466093
1773.09	0.00130927
1774.82	-0.0108406
1776.55	0.00178055
1778.29	-0.000523706
1780.02	0.0072794
1781.75	-0.0117309
1783.47	-0.0149603
1785.2	-0.010491
1786.93	0.00497602
1788.66	0.0149442
1790.39	0.00511658
1792.12	-0.00691062
1793.84	0.00195735
1795.57	-0.000171906
1797.3	0.00539722
1799.02	-0.0110295
1800.75	0.00883662
1802.47	-0.00539051
1804.2	0.0100765
1805.92	-0.000851275
1807.64	0.00581716
1809.37	-0.0040105
1811.09	0.0136557
1812.81	0.00492742
1814.53	0.00279769
1816.26	-0.0092295
1817.98	0.00513738
1819.7	-0.0035909
1821.42	0.00527707
1823.14	-0.0100498
1824.86	-0.0231772
1826.58	-0.005511
1828.29	-0.00104251
1830.01	0.00562598
1831.73	-0.00750138
1833.45	-0.00633173
1835.16	0.0036356
1836.88	-0.00619245
1838.6	0.00487513
1840.31	-0.0159511
1842.03	-0.00598329
1843.74	0.00178458
1845.46	0.0128522
1847.17	-0.00467476
1848.89	-0.00240534
1850.6	-0.00673495
1852.31	-6.69233e-005
1854.02	0.0164991
1855.74	0.0121699
1857.45	0.0012416
1859.16	0.000211308
1860.87	-0.0041183
1862.58	-0.000749581
1864.29	0.0114174
1866	-0.0138079
1867.71	0.008257
1869.42	-0.000471752
1871.13	0.000697492
1872.84	0.000766966
1874.54	0.00083597
1876.25	-0.000194326
1877.96	0.0163717
1879.66	0.00434323
1881.37	-0.00878453
1883.07	-0.00321661
1884.78	-0.00754629
1886.48	0.00352049
1888.19	-0.00960728
1889.89	-0.00293966
1891.6	0.0191252
1893.3	-0.0192977
1895	0.0137644
1896.7	0.000636274
1898.41	0.00730437
1900.11	-0.0102229
1901.81	-0.0101539
1903.51	0.000912828
1905.21	0.019678
1906.91	-0.00114857
1908.61	0.00111997
1910.31	-0.00760911
1912.01	-0.00754004
1913.71	0.0057262
1915.4	0.00249556
1917.1	0.00146479
1918.8	0.00263364
1920.5	-0.00279614
1922.19	-0.000528002
1923.89	-0.00595778
1925.58	-0.0014901
1927.28	-0.00911942
1928.97	0.00414649
1930.67	-0.000183586
1932.36	0.00428416
1934.06	-0.0055447
1935.75	-0.0054761
1937.44	0.00229096
1939.13	0.000160025
1940.83	0.00682772
1942.52	0.013495
1944.21	0.00476545
1945.9	0.0015348
1947.59	0.000503636
1949.28	-0.0104254
1950.97	0.00394022
1952.66	-0.00258974
1954.35	-0.00582038
1956.03	0.00414575
1957.72	0.00531419
1959.41	-0.0023156
1961.1	-0.00664601
1962.78	0.00332012
1964.47	8.94771e-005
1966.16	-0.0053407
1967.84	0.0123238
1969.53	0.00139478
1971.21	-0.00403587
1972.9	-0.0039672
1974.58	-0.00169946
1976.26	0.00716696
1977.95	-0.00376213
1979.63	-0.0025941
1981.31	0.00297302
1983	-0.00465677
1984.68	-0.00458851
1986.36	-0.00452031
1988.04	0.0131443
1989.72	0.0132125
1991.4	0.00998143
1993.08	-0.00314761
1994.76	0.0134172
1996.44	0.0145852
1998.12	-0.00404265
1999.79	0.001524
2001.47	0.00599134
2003.15	0.0115584
2004.83	0.000628958
2006.5	-0.000403016
2008.18	-0.00143452
2009.86	0.00743184
2011.53	-0.00459777
2013.21	-0.0133277
2014.88	-0.00226217
2016.55	0.00330455
2018.23	0.00337274
2019.9	-0.0163553
2021.58	0.00790789
2023.25	0.0158158
2024.92	0.000209496
2026.59	-0.0171773
2028.26	-0.00696519
2029.94	0.0103693
2031.61	0.00701761
2033.28	0.00869345
2034.95	-0.00796024
2036.62	-0.00507986
2038.29	-0.00290663
2039.95	-0.00513228
2041.62	0.00282796
2043.29	0.0158158
2044.96	-0.000727161
2046.63	-0.000773477
2048.29	-0.0140168
2049.96	0.00683248
2051.63	0.00458656
2053.29	0.0100394
2054.96	0.00229459
2056.62	-0.014248
2058.29	0.00770101
2059.95	0.00215611
2061.61	0.00870862
2063.28	0.0130613
2064.94	-0.00348129
2066.6	-0.0046271
2068.27	0.00522444
2069.93	-0.00142022
2071.59	0.0106311
2073.25	0.005237
2074.91	0.00527627
2076.57	-0.00678187
2078.23	0.0163526
2079.89	-0.013302
2081.55	-0.0059702
2083.21	0.00157112
2084.87	-0.00942658
2086.53	-0.0116785
2088.19	0.000523706
2089.84	0.000628421
2091.5	0.00555121
2093.16	-0.00078556
2094.81	0.00240904
2096.47	-0.000157139
2098.12	-0.00120448
2099.78	0.00031421
2101.43	-0.00423234
2103.09	0.00661701
2104.74	-0.00342839
2106.4	0.00852073
2108.05	-0.00592375
2109.7	-0.000572372
2111.36	-0.00511986
2113.01	0.00023158
2114.66	0.0077825
2116.31	0.00653525
2117.96	0.0107869
2119.61	0.002941
2121.26	-0.00270532
2122.91	0.00264605
2124.56	-0.00080073
2126.21	0.00455065
2127.86	4.0946e-006
2129.51	-0.0232386
2131.16	-0.00359016
2132.8	0.00836078
2134.45	-0.00938302
2136.1	-0.00843072
2137.74	0.00132061
2139.39	-0.00982456
2141.04	-0.00117388
2142.68	0.0118768
2144.33	0.000731659
2145.97	0.000585058
2147.62	0.00153736
2149.26	-0.014006
2150.9	-0.0174519
2152.55	-3.02061e-006
2154.19	-0.000149621
2155.83	-0.00249569
2157.47	0.0127545
2159.12	-0.00828862
2160.76	-0.013934
2162.4	-0.00748198
2164.04	0.00996774
2165.68	-0.00667534
2167.32	-0.000223324
2168.96	0.00512893
2170.6	-0.00711508
2172.24	0.0103346
2173.88	-0.00740821
2175.51	-0.00645417
2177.15	-0.00110185
2178.79	0.00974925
2180.43	0.00190426
2182.06	-0.00154071
2183.7	0.00821062
2185.33	-0.00403251
2186.97	0.000699841
