279.74	0.00520372
281.884	0.0176882
284.026	0.0389019
286.169	-0.00294525
288.31	0.00371422
290.451	0.0132842
292.591	0.0189724
294.73	0.00331499
296.869	0.0177334
299.007	0.0117766
301.145	0.0252235
303.281	0.0250853
305.417	-0.00706901
307.553	-0.00720733
309.688	0.0295201
311.822	0.0109457
313.955	0.0282669
316.088	0.0193931
318.22	0.0182794
320.352	0.0278378
322.483	0.0267229
324.613	0.032398
326.742	0.00896615
328.871	0.0194908
330.999	0.0154615
333.127	0.0182234
335.254	0.00449089
337.38	0.016952
339.506	-0.00745379
341.631	0.00112533
343.755	-0.00290925
345.879	0.00275801
348.001	-0.00224935
350.124	0.0102079
352.246	-0.000620576
354.367	-0.0289136
356.487	-0.00481805
358.607	-0.00206656
360.726	-0.0138691
362.844	0.00246241
364.962	-0.0151625
367.079	-0.00368319
369.195	0.00779475
371.311	0.0173324
373.426	-0.00126667
375.541	-0.00822347
377.655	-0.016285
379.768	0.00572873
381.881	0.00656029
383.993	-0.000461998
386.104	-0.00959158
388.215	-0.0216318
390.325	0.00707552
392.434	-0.0263092
394.543	-0.00730403
396.651	-0.00188168
398.758	0.00936147
400.865	-0.00462016
402.971	0.0105035
405.077	-0.001538
407.182	0.0261977
409.286	0.0131855
411.389	0.00599407
413.492	0.0182063
415.595	0.0226571
417.696	-0.00102792
419.797	0.00148198
421.898	-0.00765038
423.997	0.00456082
426.097	-0.00263141
428.195	0.000847845
430.293	0.0111184
432.39	0.00101483
434.487	-0.0187906
436.583	-0.00366969
438.678	-0.00213157
440.773	-0.0132059
442.867	-0.0155488
444.96	0.00248183
447.053	0.00401936
449.145	-0.0177405
451.236	0.0121966
453.327	0.00919365
455.418	0.0161235
457.507	0.00933589
459.596	0.0103097
461.684	0.0112836
463.772	-0.0100568
465.859	0.0015891
467.946	-0.0158705
470.031	-0.00616502
472.117	-0.0090719
474.201	-0.00033658
476.285	0.00451801
478.368	0.000640947
480.451	0.00258499
482.533	-0.016815
484.615	0.00259233
486.695	-0.00128474
488.776	0.036556
490.855	0.0123051
492.934	0.0336528
495.012	0.0220143
497.09	0.0288093
499.167	0.0249321
501.244	0.00941287
503.319	0.017178
505.395	-0.00610279
507.469	0.00166235
509.543	-0.00706563
511.616	0.000699451
513.689	0.00555404
515.761	0.00749802
517.833	0.00265077
519.903	0.0191476
521.974	0.00459842
524.043	0.0162443
526.112	0.0191585
528.181	0.00557956
530.248	0.0385694
532.316	0.0240203
534.382	-0.00217101
536.448	0.00559407
538.513	0.012389
540.578	0.0191839
542.642	0.00560497
544.705	0.0123999
546.768	0.00755262
548.83	0.0318108
550.892	0.00853008
552.953	-0.00213832
555.013	0.0133882
557.073	0.00369
559.132	0.00660417
561.191	0.0163097
563.249	0.0163133
565.306	-0.00211659
567.363	0.0153503
569.419	0.00177137
571.474	0.0066259
573.529	0.0173015
575.583	-0.0040389
577.637	-0.0030651
579.69	-0.00791235
581.742	-0.0214914
583.794	-0.00402445
585.845	-0.00596121
587.896	-0.00789796
589.946	-0.00789435
591.995	-0.00498019
594.044	0.00666563
596.092	-0.00691333
598.14	-0.0156414
600.187	-0.0214589
602.233	-0.00593231
604.279	-0.0408554
606.324	-0.0243586
608.369	-0.0233848
610.413	-0.022411
612.456	-0.00785473
614.499	-0.0340461
616.541	-0.0175493
618.583	-0.00105267
620.623	-0.00298943
622.664	0.0193284
624.704	0.00380903
626.743	-0.0272332
628.781	-0.0107365
630.819	-0.0340174
632.857	-0.00490824
634.893	-0.0097556
636.929	-0.0116924
638.965	-0.00392734
641	0.0193607
643.034	0.0164537
645.068	0.0116064
647.101	0.0019081
649.134	-0.0165218
651.166	-0.00293566
653.197	-0.0155445
655.228	-0.00777941
657.258	-0.00583549
659.288	-0.00971267
661.317	0.000962959
663.345	0.0019367
665.373	-0.00291067
667.4	0.0194071
669.427	0.0223213
671.453	0.0165037
673.478	1.41525e-005
675.503	0.00777917
677.527	0.0097231
679.551	0.0388322
681.574	0.00584953
683.597	-0.0145208
685.619	0.0107075
687.64	-0.0271261
689.661	-0.00868902
691.681	-0.0135364
693.7	-0.00947084
695.719	-0.00415792
697.738	0.000861997
699.755	-0.00769989
701.773	-0.00753047
703.789	-0.00260832
705.805	-0.0161196
707.821	-0.0111974
709.836	-0.0111257
711.85	0.00155884
713.864	0.00357133
715.877	0.0211072
717.889	0.0240909
719.901	0.0164024
721.913	0.0310282
723.923	0.0592375
725.934	0.0583408
727.943	0.068117
729.952	0.0371455
731.961	0.0440112
733.969	0.0275929
735.976	0.0344594
737.983	0.0364751
739.989	0.0268489
741.994	0.0521499
743.999	0.0609577
746.004	0.0396898
748.007	0.05626
750.011	0.0543963
752.013	0.0205173
754.015	0.0380581
756.017	0.0381356
758.018	0.0265714
760.018	0.044113
762.018	0.0335194
764.017	0.00643315
766.016	0.0133033
768.014	0.0192036
770.011	0.0202536
772.008	0.0377966
774.005	0.0533992
776	0.059301
777.996	0.0826656
779.99	0.0769255
781.984	0.0721557
783.978	0.0722368
785.971	0.0694078
787.963	0.0471755
789.955	0.0618102
791.946	0.0395784
793.936	0.0163768
795.926	0.0184
797.916	0.0165425
799.905	0.0156556
801.893	-0.00463449
803.881	0.0177635
805.868	0.0110564
807.855	0.00725986
809.841	-0.00720828
811.826	0.00160847
813.811	0.0172165
815.796	-0.00307233
817.78	0.0105958
819.763	0.022324
821.745	0.0486054
823.728	0.0428702
825.709	0.0245236
827.69	0.0246105
829.67	0.0324593
831.65	0.0500098
833.63	0.0326339
835.608	0.0288414
837.586	0.0269892
839.564	0.00282279
841.541	0.0194045
843.518	0.0262845
845.494	0.0428667
847.469	0.0594493
849.444	0.0614794
851.418	0.0557481
853.392	0.050017
855.365	0.0374951
857.337	0.0395263
859.309	0.0328259
861.281	0.0251554
863.252	0.0262169
865.222	0.0107857
867.192	0.0331917
869.161	-0.0142551
871.13	0.0120321
873.098	0.00145267
875.065	0.028711
877.032	0.0433569
878.999	-0.00214869
880.964	0.00376645
882.93	0.0184128
884.895	-0.00768828
886.859	-0.00662359
888.822	0.0128749
890.785	0.00811889
892.748	0.0150052
894.71	-0.00624366
896.671	0.00549435
898.632	0.0172324
900.593	-0.000970184
902.552	0.00231828
904.512	0.00269631
906.47	-0.000806749
908.429	-0.011101
910.386	0.012561
912.343	-0.0297497
914.3	-0.00511762
916.256	0.0069019
918.211	0.0131001
920.166	0.0270597
922.12	0.034228
924.074	0.0210223
926.027	0.021399
927.98	0.0431198
929.932	0.0328242
931.883	0.0225286
933.834	0.0277558
935.785	0.048506
937.735	0.0352996
939.684	0.0298543
941.633	0.0389619
943.581	0.0121725
945.529	0.0271011
947.476	0.0216555
949.423	0.0433751
951.369	0.046661
953.315	0.00919922
955.26	0.0212166
957.204	0.0283828
959.148	0.0306982
961.091	0.0388344
963.034	0.0324179
964.977	0.0221207
966.918	0.0205547
968.86	0.0102573
970.8	0.0213034
972.74	0.0372006
974.68	0.027873
976.619	0.0321277
978.558	-0.0160074
980.496	0.0095911
982.433	0.0206368
984.37	0.000636565
986.306	0.0184733
988.242	0.0217572
990.178	0.0260114
992.112	0.0351161
994.047	0.0393701
995.98	0.061087
997.913	0.051758
999.846	0.15206
1001.78	0.24557
1003.71	0.301243
1005.64	0.187134
1007.57	0.0943684
1009.5	0.0481719
1011.43	0.058246
1013.36	0.057648
1015.29	0.0133919
1017.22	0.00212192
1019.14	0.0296574
1021.07	0.0174174
1023	0.00905793
1024.92	0.00166679
1026.85	0.0146514
1028.77	0.0334553
1030.7	0.041589
1032.62	0.0516612
1034.54	0.0568825
1036.46	0.0485211
1038.39	0.0207582
1040.31	0.0172478
1042.23	0.0176181
1044.15	0.0335114
1046.07	0.02515
1047.99	0.0216396
1049.91	0.0268609
1051.83	0.0291716
1053.74	0.0198382
1055.66	0.00856632
1057.58	0.0428931
1059.49	0.0267684
1061.41	0.0261685
1063.32	0.0469108
1065.24	0.0385495
1067.15	0.034067
1069.07	0.0460795
1070.98	0.0532392
1072.89	0.055548
1074.8	0.0520357
1076.72	0.0514358
1078.63	0.034341
1080.54	0.080308
1082.45	0.0379883
1084.36	0.0674623
1086.27	0.0755921
1088.17	0.0652867
1090.08	0.0637147
1091.99	0.0941588
1093.9	0.0799744
1095.8	0.0735496
1097.71	0.0865304
1099.61	0.0791355
1101.52	0.0940567
1103.42	0.0798704
1105.33	0.0860599
1107.23	0.0786649
1109.13	0.0712699
1111.03	0.0444712
1112.94	0.0506608
1114.84	0.0529676
1116.74	0.0378112
1118.64	0.0207143
1120.54	0.0521267
1122.44	0.0427914
1124.33	0.0509174
1126.23	0.062926
1128.13	0.044859
1130.03	0.0578379
1131.92	0.0368585
1133.82	0.0255827
1135.71	-0.0206216
1137.61	-0.0154042
1139.5	-0.0160097
1141.4	-0.0360171
1143.29	-0.0269209
1145.18	-0.00230176
1147.08	-0.0116371
1148.97	-0.0209744
1150.86	-0.0195885
1152.75	-0.00846643
1154.64	0.00459594
1156.53	-0.0027155
1158.42	0.0103469
1160.31	0.016618
1162.2	-0.00330587
1164.08	0.008784
1165.97	0.0179656
1167.86	0.0193859
1169.75	0.0382693
1171.63	0.049389
1173.52	0.0284949
1175.4	0.0279724
1177.28	0.0487939
1179.17	0.0114068
1181.05	0.0302879
1182.93	0.0404373
1184.82	0.0370066
1186.7	0.0296928
1188.58	0.0146174
1190.46	0.0218564
1192.34	0.0368567
1194.22	0.0363342
1196.1	0.0416327
1197.98	0.0692455
1199.86	0.0861862
1201.73	0.0905122
1203.61	0.133648
1205.49	0.117602
1207.36	0.136481
1209.24	0.132078
1211.11	0.117
1212.99	0.148494
1214.86	0.125655
1216.74	0.11446
1218.61	0.126547
1220.48	0.126993
1222.35	0.154603
1224.23	0.161842
1226.1	0.156466
1227.97	0.169524
1229.84	0.199075
1231.71	0.215043
1233.58	0.161158
1235.45	0.182947
1237.31	0.208615
1239.18	0.198388
1241.05	0.170698
1242.92	0.204129
1244.78	0.189049
1246.65	0.207928
1248.51	0.214192
1250.38	0.192323
1252.24	0.185004
1254.11	0.211645
1255.97	0.17328
1257.83	0.189246
1259.69	0.189689
1261.56	0.180432
1263.42	0.178935
1265.28	0.205572
1267.14	0.216687
1269	0.193846
1270.86	0.179736
1272.72	0.173387
1274.57	0.170917
1276.43	0.198525
1278.29	0.178594
1280.15	0.183888
1282	0.167836
1283.86	0.17604
1285.71	0.200735
1287.57	0.183715
1289.42	0.176394
1291.28	0.19721
1293.13	0.211233
1294.98	0.223316
1296.83	0.208234
1298.69	0.208676
1300.54	0.212998
1302.39	0.204707
1304.24	0.247835
1306.09	0.260888
1307.94	0.258418
1309.79	0.271471
1311.64	0.256388
1313.48	0.280111
1315.33	0.226221
1317.18	0.243155
1319.03	0.237774
1320.87	0.206196
1322.72	0.244474
1324.56	0.23521
1326.41	0.248263
1328.25	0.259373
1330.09	0.257871
1331.94	0.298089
1333.78	0.283004
1335.62	0.27083
1337.46	0.265447
1339.31	0.224169
1341.15	0.231399
1342.99	0.200791
1344.83	0.225484
1346.67	0.210399
1348.5	0.190461
1350.34	0.204481
1352.18	0.182605
1354.02	0.154908
1355.86	0.137883
1357.69	0.174215
1359.53	0.143607
1361.36	0.154715
1363.2	0.160004
1365.03	0.146857
1366.87	0.150206
1368.7	0.13997
1370.53	0.143316
1372.37	0.169949
1374.2	0.129637
1376.03	0.122311
1377.86	0.135359
1379.69	0.128034
1381.52	0.110036
1383.35	0.10174
1385.18	0.130311
1387.01	0.122985
1388.84	0.0952857
1390.67	0.123857
1392.49	0.0913038
1394.32	0.115024
1396.15	0.1174
1397.97	0.111042
1399.8	0.0891636
1401.62	0.0895969
1403.45	0.0939134
1405.27	0.0933766
1407.1	0.0938123
1408.92	0.0981264
1410.74	0.0966193
1412.56	0.103844
1414.39	0.130475
1416.21	0.112474
1418.03	0.112908
1419.85	0.135655
1421.67	0.126387
1423.49	0.132641
1425.31	0.120462
1427.12	0.141267
1428.94	0.13782
1430.76	0.148925
1432.58	0.161001
1434.39	0.191507
1436.21	0.217165
1438.03	0.232152
1439.84	0.243254
1441.66	0.284436
1443.47	0.291658
1445.28	0.312463
1447.1	0.305135
1448.91	0.32691
1450.72	0.265249
1452.53	0.312248
1454.35	0.280666
1456.16	0.263633
1457.97	0.279587
1459.78	0.270316
1461.59	0.262986
1463.4	0.236252
1465.2	0.256084
1467.01	0.214797
1468.82	0.181272
1470.63	0.182673
1472.43	0.153996
1474.24	0.158308
1476.05	0.153888
1477.85	0.156256
1479.66	0.153777
1481.46	0.140623
1483.27	0.132322
1485.07	0.13081
1486.87	0.119597
1488.67	0.105473
1490.48	0.0894105
1492.28	0.0811074
1494.08	0.0698938
1495.88	0.0412169
1497.68	0.0523175
1499.48	0.042074
1501.28	0.0376517
1503.08	0.0429312
1504.88	0.0355983
1506.68	0.000130096
1508.47	0.0238407
1510.27	0.0194184
1512.07	0.0227575
1513.86	0.0260942
1515.66	0.0187614
1517.46	0.00463715
1519.25	-0.00851919
1521.04	-0.00615265
1522.84	0.00785852
1524.63	0.0228375
1526.43	0.0310275
1528.22	0.00816929
1530.01	0.027029
1531.8	0.0332763
1533.59	0.0337025
1535.38	0.0137548
1537.17	0.0306742
1538.96	0.0155774
1540.75	0.0324968
1542.54	0.0319528
1544.33	0.0226771
1546.12	0.0386263
1547.91	0.0293507
1549.69	0.0482079
1551.48	0.0505745
1553.27	0.0587622
1555.05	0.0747089
1556.84	0.0838668
1558.62	0.0765292
1560.41	0.0759851
1562.19	0.0783493
1563.98	0.0797457
1565.76	0.098603
1567.54	0.0922356
1569.32	0.0955699
1571.11	0.136744
1572.89	0.143959
1574.67	0.139532
1576.45	0.132194
1578.23	0.120976
1580.01	0.135952
1581.79	0.133466
1583.57	0.127098
1585.34	0.123639
1587.12	0.114361
1588.9	0.0915003
1590.68	0.102596
1592.45	0.0816735
1594.23	0.090829
1596	0.0990119
1597.78	0.0839128
1599.55	0.11344
1601.33	0.100281
1603.1	0.110404
1604.88	0.153516
1606.65	0.138415
1608.42	0.102939
1610.19	0.132466
1611.96	0.120275
1613.74	0.131371
1615.51	0.112389
1617.28	0.149677
1619.05	0.146218
1620.82	0.120444
1622.58	0.109221
1624.35	0.102851
1626.12	0.0887202
1627.89	0.118247
1629.66	0.116728
1631.42	0.123939
1633.19	0.132121
1634.95	0.152914
1636.72	0.170799
1638.49	0.171221
1640.25	0.199775
1642.01	0.203105
1643.78	0.219049
1645.54	0.23111
1647.3	0.257724
1649.07	0.284341
1650.83	0.313865
1652.59	0.311374
1654.35	0.312763
1656.11	0.35393
1657.87	0.373752
1659.63	0.378052
1661.39	0.352276
1663.15	0.330381
1664.91	0.361846
1666.67	0.348683
1668.42	0.323874
1670.18	0.30392
1671.94	0.3121
1673.69	0.325129
1675.45	0.271218
1677.2	0.274545
1678.96	0.265262
1680.71	0.260828
1682.47	0.238933
1684.22	0.23838
1685.97	0.211631
1687.73	0.20914
1689.48	0.202765
1691.23	0.181838
1692.98	0.190016
1694.73	0.161327
1696.49	0.154955
1698.24	0.123355
1699.99	0.122802
1701.73	0.105753
1703.48	0.103259
1705.23	0.0881526
1706.98	0.0691656
1708.73	0.088986
1710.47	0.0467122
1712.22	0.0383972
1713.97	0.0262015
1715.71	0.0440791
1717.46	0.0231517
1719.2	0.0255064
1720.95	0.0230125
1722.69	0.0166355
1724.44	0.0170522
1726.18	0.0242578
1727.92	-0.000552716
1729.67	0.0182975
1731.41	0.014831
1733.15	0.0152453
1734.89	0.0146894
1736.63	0.00152112
1738.37	0.00193545
1740.11	0.00914101
1741.85	0.000823685
1743.59	0.00511869
1745.33	0.00359259
1747.07	0.00982802
1748.81	0.00539144
1750.54	0.00677352
1752.28	0.00136669
1754.02	0.00663188
1755.75	-0.00556855
1757.49	0.00648793
1759.22	-0.00377219
1760.96	0.00246318
1762.69	-0.00488633
1764.43	-0.000591324
1766.16	0.00758211
1767.89	-0.0036482
1769.63	-0.00420411
1771.36	-0.0113188
1773.09	-0.00318774
1774.82	0.0106868
1776.55	-0.0026037
1778.29	-0.00133981
1780.02	0.00406555
1781.75	0.00346492
1783.47	0.00487271
1785.2	-0.00341874
1786.93	-0.00296763
1788.66	-0.00348672
1790.39	0.00763641
1792.12	0.0100279
1793.84	0.00271484
1795.57	-0.00750607
1797.3	-0.000263686
1799.02	-0.00369592
1800.75	0.00873165
1802.47	-0.00147837
1804.2	0.000138623
1805.92	0.00143218
1807.64	-0.000646809
1809.37	0.00258718
1811.09	-0.00346492
1812.81	9.23759e-005
1814.53	-0.00776147
1816.26	-0.00637548
1817.98	-0.00429654
1819.7	0.00349104
1821.42	-0.00909524
1823.14	-0.00227784
1824.86	0.00647993
1826.58	0.00747623
1828.29	0.00071088
1830.01	-0.00508411
1831.73	-0.000207076
1833.45	-0.0040617
1835.16	-0.00209539
1836.88	0.00569219
1838.6	0.0125096
1840.31	0.00186357
1842.03	0.00577041
1843.74	-0.0155477
1845.46	0.000971546
1847.17	-0.0106447
1848.89	0.0126658
1850.6	7.94077e-005
1852.31	0.00786681
1854.02	-0.0163618
1855.74	0.00112758
1857.45	0.00406412
1859.16	0.00214969
1860.87	-0.00267523
1862.58	-0.000708926
1864.29	-0.00650409
1866	0.00128337
1867.71	0.00616023
1869.42	0.00909678
1871.13	-0.00348968
1872.84	0.011089
1874.54	-0.00246774
1876.25	0.00628991
1877.96	0.0131071
1879.66	0.0044013
1881.37	-0.00624479
1883.07	-0.00330842
1884.78	-0.00425267
1886.48	0.00547499
1888.19	0.00744135
1889.89	-0.00417509
1891.6	-0.0157913
1893.3	0.00266801
1895	0.00269382
1896.7	0.0017494
1898.41	-0.00695626
1900.11	-0.00207952
1901.81	-0.00108358
1903.51	-0.00299813
1905.21	0.00284879
1906.91	0.00190442
1908.61	0.00290043
1910.31	0.0116579
1912.01	-0.0028691
1913.71	-0.0076942
1915.4	0.0136755
1917.1	-0.00861293
1918.8	0.00596565
1920.5	0.00696165
1922.19	0.00213637
1923.89	0.00701311
1925.58	-0.00848419
1927.28	-0.00845837
1928.97	-0.00552218
1930.67	-0.0132578
1932.36	0.00617148
1934.06	0.00134638
1935.75	0.00331245
1937.44	-0.0034532
1939.13	0.010155
1940.83	0.00921065
1942.52	-0.00628665
1944.21	-0.00141009
1945.9	0.0238404
1947.59	-0.00912022
1949.28	0.00254762
1950.97	0.0113049
1952.66	-0.00225196
1954.35	-0.00610705
1956.03	-0.0022008
1957.72	-0.00217516
1959.41	0.0153138
1961.1	0.00466747
1962.78	0.00178238
1964.47	0.00568876
1966.16	0.00377409
1967.84	0.00768029
1969.53	-0.00296604
1971.21	0.00579108
1972.9	0.00193604
1974.58	0.00972298
1976.26	-0.00480426
1977.95	0.00201267
1979.63	0.00591893
1981.31	-0.00181702
1983	0.00694027
1984.68	0.000174508
1986.36	0.00699126
1988.04	-0.00171488
1989.72	0.000251014
1991.4	0.00609764
1993.08	0.00515292
1994.76	-0.00743395
1996.44	-0.00158733
1998.12	0.0100803
1999.79	0.00428458
2001.47	0.0188629
2003.15	0.00627599
2004.83	-0.00243014
2006.5	0.00535668
2008.18	0.00635232
2009.86	0.00734803
2011.53	-0.00232846
2013.21	0.00351816
2014.88	-0.00615833
2016.55	-0.00807336
2018.23	0.000683818
2019.9	0.0045899
2021.58	-0.0060566
2023.25	0.0133724
2024.92	-0.00309536
2026.59	-0.00194037
2028.26	-0.00665266
2029.94	0.00189418
2031.61	-4.61879e-005
2033.28	0.00355736
2034.95	-0.00258718
2036.62	-0.00854684
2038.29	0.00409148
2039.95	-0.0017038
2041.62	-0.00167787
2043.29	0.00222886
2044.96	0.00419517
2046.63	0.00131055
2048.29	0.00327674
2049.96	-0.000578001
2051.63	-0.00152225
2053.29	0.00335449
2054.96	0.00823134
2056.62	0.00922734
2058.29	0.00634273
2059.95	0.01413
2061.61	-0.00039692
2063.28	0.00350975
2064.94	0.00450575
2066.6	-0.000319407
2068.27	0.00552769
2069.93	-0.00608876
2071.59	0.00946
2073.25	0.000754166
2074.91	0.000779984
2076.57	-0.00501536
2078.23	-0.00790009
2079.89	0.00108565
2081.55	0.000369622
2083.21	0.00850065
2084.87	0.000369622
2086.53	-0.00475854
2088.19	0.00300293
2089.84	-0.00813109
2091.5	0.00286436
2093.16	0.00866616
2094.81	-0.00881639
2096.47	0.00377669
2098.12	-0.00885488
2099.78	-0.00208296
2101.43	0.00856988
2103.09	-0.00794255
2104.74	-0.00505124
2106.4	-0.00021963
2108.05	0.0152841
2109.7	0.00459286
2111.36	0.00263319
2113.01	0.00358413
2114.66	-0.00322635
2116.31	-0.00421572
2117.96	0.00643706
2119.61	0.00350732
2121.26	0.0054285
2122.91	-0.00332239
2124.56	0.00441989
2126.21	0.00149015
2127.86	0.0150535
2129.51	0.00339209
2131.16	0.00143254
2132.8	-0.00149714
2134.45	0.00236441
2136.1	-0.000565388
2137.74	-0.00446519
2139.39	0.0100684
2141.04	-0.00159307
2142.68	0.00517915
2144.33	0.00807045
2145.97	-0.004561
2147.62	-0.00263982
2149.26	0.00316216
2150.9	0.00411327
2152.55	0.00118354
2154.19	-0.00950761
2155.83	0.000175159
2157.47	-0.010516
2159.12	-0.0105352
2160.76	-0.000852404
2162.4	-0.0154243
2164.04	-0.00283097
2165.68	0.00491138
2167.32	-0.00772008
2168.96	-0.00482859
2170.6	-0.00387754
2172.24	-1.58697e-005
2173.88	0.00578611
2175.51	-0.00490486
2177.15	-0.00492393
2178.79	0.000878045
2180.43	0.00182916
2182.06	0.00375052
2183.7	0.0114929
2185.33	-0.00565939
2186.97	0.00740867
