279.74	0.040659
281.884	0.0240113
284.026	0.0466461
286.169	0.00431031
288.31	0.0420536
290.451	0.0118029
292.591	0.0102592
294.73	-0.0124394
296.869	0.022279
299.007	-0.0109978
301.145	-0.0140551
303.281	0.00252746
305.417	-0.0156425
307.553	-0.0368343
309.688	-0.0202532
311.822	-0.0187832
313.955	-0.00824877
316.088	0.00681877
318.22	-0.0128678
320.352	-0.0763726
322.483	-0.0265556
324.613	0.0141944
326.742	-0.0206061
328.871	-0.0115883
330.999	0.0352027
333.127	-0.0419066
335.254	-0.0359134
337.38	-0.0480534
339.506	-0.0284627
341.631	-0.055714
343.755	-0.0663458
345.879	-0.052802
348.001	-0.0377497
350.124	-0.0453611
352.246	-0.0454188
354.367	-0.043967
356.487	-0.0425165
358.607	-0.045599
360.726	-0.103078
362.844	-0.0487462
364.962	-0.0684522
367.079	-0.0790938
369.195	-0.0444075
371.311	-0.0686492
373.426	-0.0732496
375.541	-0.0340319
377.655	-0.0461885
379.768	-0.031149
381.881	-0.0569059
383.993	-0.0569776
386.104	-0.0313642
388.215	-0.0541019
390.325	-0.0556874
392.434	-0.070873
394.543	-0.0497953
396.651	-0.0408067
398.758	-0.0514623
400.865	-0.0409641
402.971	-0.00478064
405.077	-0.0154377
407.182	-0.0306288
409.286	-0.00955815
411.389	-0.00813147
413.492	-0.0142597
415.595	-0.014344
417.696	-0.000832218
419.797	-0.0235839
421.898	-0.00402829
423.997	0.000414818
426.097	0.00334824
428.195	-0.0254516
430.293	0.0046768
432.39	-0.0165697
434.487	-0.033283
436.583	-0.0167563
438.678	-0.0228958
440.773	-0.00183745
442.867	0.0177084
444.96	-0.0186533
447.053	-0.0111967
449.145	0.0143903
451.236	-0.0204342
453.327	0.0026622
455.418	-0.00611585
457.507	-0.00145389
459.596	0.0107629
461.684	0.00786983
463.772	-0.0191988
465.859	0.00812759
467.946	0.0127894
470.031	-0.0233454
472.117	0.00851392
474.201	-0.00646712
476.285	0.00423837
478.368	-0.0122538
480.451	0.0286712
482.533	0.00160219
484.615	0.0123075
486.695	0.0033701
488.776	0.0216303
490.855	0.0172257
492.934	0.0536176
495.012	0.04468
497.09	0.0508522
499.167	0.0388927
501.244	0.0375099
503.319	0.00137449
505.395	0.0181234
507.469	0.0242954
509.543	0.0289564
511.616	0.0321063
513.689	0.0201465
515.761	0.00667564
517.833	0.0249353
519.903	0.0507497
521.974	0.0251909
524.043	0.0162528
526.112	0.0466001
528.181	0.0270851
530.248	0.0257018
532.316	0.0333844
534.382	0.028979
536.448	0.0411943
538.513	0.0518986
540.578	0.0550481
542.642	0.0219341
544.705	0.0356602
546.768	0.0554303
548.83	0.025338
550.892	0.0345313
552.953	0.0150157
555.013	0.012121
557.073	-0.0149494
559.132	0.00633137
561.191	0.0397001
563.249	0.041338
565.306	0.0172894
567.363	-0.00373733
569.419	0.0220763
571.474	0.0131373
573.529	0.025352
575.583	0.00281418
577.637	-0.0212347
579.69	-0.00146524
581.742	0.00621637
583.794	-0.00272279
585.845	-0.00108519
587.896	-0.0115354
589.946	-0.00234301
591.995	-0.0158153
594.044	0.00848689
596.092	-0.0291611
598.14	-0.00485903
600.187	-0.053084
602.233	-0.0166942
604.279	-0.0331886
606.324	-0.0270184
608.369	-0.040491
610.413	-0.0358319
612.456	-0.0326838
614.499	-0.0355796
616.541	-0.0203437
618.583	-0.0277725
620.623	0.0161717
622.664	0.0162978
624.704	-0.00775197
626.743	-0.0620213
628.781	-0.0377198
630.819	-0.0209732
632.857	-0.0253803
634.893	-0.0328095
636.929	-0.0357057
638.965	-0.0310471
641	0.00685298
643.034	0.0553299
645.068	0.0101261
647.101	0.0238504
649.134	-0.0153095
651.166	-0.015184
653.197	-0.0105257
655.228	0.00622043
657.258	0.0184336
659.288	-0.0010838
661.317	-0.0145573
663.345	0.0278753
665.373	0.0280005
667.4	-0.00209392
669.427	0.00256416
671.453	0.0389527
673.478	-0.0062516
675.503	-0.00763752
677.527	0.0121302
679.551	-0.0134315
681.574	-0.00877371
683.597	0.000417031
685.619	0.00205288
687.64	-0.018976
689.661	0.00381341
691.681	0.00315125
693.7	-0.035285
695.719	-0.026881
697.738	-0.0260318
699.755	-0.0115833
701.773	0.0209967
703.789	0.0127811
705.805	-0.00601154
707.821	0.0175032
709.836	0.00324394
711.85	0.0569789
713.864	0.0638736
715.877	0.0617028
717.889	0.0353566
719.901	0.0785154
721.913	0.0461253
723.923	0.0635982
725.934	0.11129
727.943	0.106099
729.952	0.0918414
731.961	0.0685182
733.969	0.0557722
735.976	0.0294276
737.983	0.0227258
739.989	0.041711
741.994	0.0470976
743.999	0.0857259
746.004	0.0427612
748.007	0.0466375
750.011	0.0233159
752.013	0.0271926
754.015	0.0718657
756.017	0.0651655
758.018	0.0554438
760.018	0.0472332
762.018	0.0616875
764.017	0.0202357
766.016	0.0528221
768.014	0.0400793
770.011	0.0726662
772.008	0.0508577
774.005	0.104598
776	0.0918567
777.996	0.104801
779.99	0.129834
781.984	0.154867
783.978	0.127016
785.971	0.094632
787.963	0.0954901
789.955	0.0585735
791.946	0.0760526
793.936	0.088999
795.926	0.0415065
797.916	0.0257444
799.905	0.0326472
801.893	0.0123529
803.881	0.0766733
805.868	0.0246486
807.855	0.0239973
809.841	-0.0144283
811.826	0.0574482
813.811	0.0250669
815.796	0.0440589
817.78	0.0721171
819.763	0.0503134
821.745	0.0798832
823.728	0.0762113
825.709	0.0846277
827.69	0.0990882
829.67	0.112038
831.65	0.0781474
833.63	0.0759873
835.608	0.0632512
837.586	0.0746905
839.564	0.0302238
841.541	0.0628172
843.518	0.0455485
845.494	0.0751203
847.469	0.0956265
849.444	0.108578
851.418	0.13815
853.392	0.122393
855.365	0.100593
857.337	0.0939027
859.309	0.0841904
861.281	0.089588
863.252	0.0617443
865.222	0.0867851
867.192	0.0574306
869.161	0.0537633
871.13	0.0667167
873.098	0.0630496
875.065	0.0548499
877.032	0.0526943
878.999	0.0626263
880.964	0.0665149
882.93	0.0386729
884.895	0.0546496
886.859	0.0555168
888.822	0.0533623
890.785	0.0617847
892.748	0.0430096
894.71	0.0574762
896.671	0.0402125
898.632	0.0395697
900.593	0.0419488
902.552	0.0715263
904.512	0.0739057
906.47	-0.00832901
908.429	0.0136936
910.386	0.0145631
912.343	0.0380972
914.3	0.0389667
916.256	0.0156607
918.211	0.0331517
920.166	0.0521535
922.12	0.0243155
924.074	0.0508725
926.027	0.0592981
927.98	0.054125
929.932	0.0429083
931.883	0.0528457
933.834	0.053717
935.785	0.0440117
937.735	0.0403504
939.684	0.0472664
941.633	0.0451167
943.581	0.0127476
945.529	0.0332627
947.476	0.0492451
949.423	0.00932151
951.369	0.041925
953.315	0.00653472
955.26	0.0315837
957.204	0.0339684
959.148	0.0106665
961.091	-0.00356921
963.034	0.00939271
964.977	0.00120093
966.918	-0.0190781
968.86	-0.0363354
970.8	0.00554019
972.74	-0.00964152
974.68	0.0133111
976.619	0.0130624
978.558	-0.0219389
980.496	-0.0221882
982.433	0.000226315
984.37	0.0120642
986.306	-0.00329623
988.242	0.00854094
990.178	0.0234001
992.112	0.0186152
994.047	0.0092979
995.98	0.0709953
997.913	0.0692318
999.846	0.141506
1001.78	0.272709
1003.71	0.266411
1005.64	0.21025
1007.57	0.0815622
1009.5	0.0359783
1011.43	0.0553665
1013.36	0.050579
1015.29	0.00348399
1017.22	0.00625141
1019.14	-5.34892e-005
1021.07	-0.000308209
1023	-0.00962861
1024.92	0.017308
1026.85	0.0261192
1028.77	0.0424789
1030.7	0.0799987
1032.62	0.058584
1034.54	0.0114827
1036.46	0.0353971
1038.39	0.0260767
1040.31	0.0394144
1042.23	0.0195107
1044.15	0.0283153
1046.07	0.040142
1047.99	0.039881
1049.91	0.0290432
1051.83	0.0574906
1053.74	0.0375802
1055.66	0.0630059
1057.58	0.0279922
1059.49	0.0413234
1061.41	0.0471063
1063.32	0.0664814
1065.24	0.0526214
1067.15	0.0765296
1069.07	0.033961
1070.98	0.063913
1072.89	0.0621344
1074.8	0.0784877
1076.72	0.0978692
1078.63	0.0809808
1080.54	0.0701365
1082.45	0.113687
1084.36	0.104354
1086.27	0.11013
1088.17	0.127988
1090.08	0.11261
1091.99	0.104788
1093.9	0.101498
1095.8	0.105757
1097.71	0.116066
1099.61	0.141479
1101.52	0.101926
1103.42	0.109207
1105.33	0.114983
1107.23	0.0754234
1109.13	0.0917701
1111.03	0.0491885
1112.94	0.0791404
1114.84	0.0698005
1116.74	0.0332629
1118.64	0.0435657
1120.54	0.0478245
1122.44	0.0807919
1124.33	0.0623795
1126.23	0.0666383
1128.13	0.0708972
1130.03	0.0449365
1131.92	0.034079
1133.82	0.00358525
1135.71	0.0274804
1137.61	-0.0120792
1139.5	-0.0350245
1141.4	-0.0594742
1143.29	-0.0068706
1145.18	-0.0147061
1147.08	-0.0406669
1148.97	0.0028709
1150.86	-0.0110085
1152.75	0.00619866
1154.64	-0.00379174
1156.53	-0.000183247
1158.42	0.00795809
1160.31	0.0160994
1162.2	-0.0165557
1164.08	-0.00690638
1165.97	0.0299435
1167.86	0.0214641
1169.75	0.0220506
1171.63	0.0498316
1173.52	0.0232204
1175.4	0.0449575
1177.28	0.0515847
1179.17	0.0385724
1181.05	0.0527546
1182.93	0.0352062
1184.82	0.0599682
1186.7	0.0167333
1188.58	0.0596241
1190.46	0.00883411
1192.34	0.04417
1194.22	0.0613741
1196.1	0.0695124
1197.98	0.0580079
1199.86	0.0948547
1201.73	0.128677
1203.61	0.102062
1205.49	0.120777
1207.36	0.151577
1209.24	0.131007
1211.11	0.119499
1212.99	0.142747
1214.86	0.129729
1216.74	0.131823
1218.61	0.12787
1220.48	0.142049
1222.35	0.148674
1224.23	0.156812
1226.1	0.178546
1227.97	0.167038
1229.84	0.191794
1231.71	0.21655
1233.58	0.189933
1235.45	0.208645
1237.31	0.198645
1239.18	0.199225
1241.05	0.168075
1242.92	0.179232
1244.78	0.208518
1246.65	0.204565
1248.51	0.208164
1250.38	0.222343
1252.24	0.171547
1254.11	0.178171
1255.97	0.190836
1257.83	0.205012
1259.69	0.179903
1261.56	0.198615
1263.42	0.187104
1265.28	0.178616
1267.14	0.180704
1269	0.196391
1270.86	0.177325
1272.72	0.165814
1274.57	0.179987
1276.43	0.198696
1278.29	0.161499
1280.15	0.189274
1282	0.2246
1283.86	0.139051
1285.71	0.181933
1287.57	0.187043
1289.42	0.216326
1291.28	0.222947
1293.13	0.244674
1294.98	0.208985
1296.83	0.260932
1298.69	0.266042
1300.54	0.239419
1302.39	0.230927
1304.24	0.266254
1306.09	0.230564
1307.94	0.243226
1309.79	0.242289
1311.64	0.289703
1313.48	0.244945
1315.33	0.257607
1317.18	0.279335
1319.03	0.260266
1320.87	0.283502
1322.72	0.219104
1324.56	0.219675
1326.41	0.271622
1328.25	0.240462
1330.09	0.256143
1331.94	0.297513
1333.78	0.252755
1335.62	0.232172
1337.46	0.282606
1339.31	0.230295
1341.15	0.230866
1342.99	0.219349
1344.83	0.209344
1346.67	0.155519
1348.5	0.169686
1350.34	0.176301
1352.18	0.167806
1354.02	0.162333
1355.86	0.12664
1357.69	0.161961
1359.53	0.127779
1361.36	0.173676
1363.2	0.144028
1365.03	0.124953
1366.87	0.127035
1368.7	0.104938
1370.53	0.150835
1372.37	0.0788792
1374.2	0.133842
1376.03	0.0951247
1377.86	0.0820937
1379.69	0.121947
1381.52	0.0877623
1383.35	0.0898411
1385.18	0.0783211
1387.01	0.072845
1388.84	0.0779459
1390.67	0.0603819
1392.49	0.0549028
1394.32	0.0705804
1396.15	0.0711482
1397.97	0.0656691
1399.8	0.0481052
1401.62	0.0713346
1403.45	0.0855012
1405.27	0.0679343
1407.1	0.0624582
1408.92	0.0962644
1410.74	0.0484779
1412.56	0.0732182
1414.39	0.0949399
1416.21	0.0834167
1418.03	0.0779376
1419.85	0.0921011
1421.67	0.133462
1423.49	0.109851
1425.31	0.102861
1427.12	0.117022
1428.94	0.146295
1430.76	0.183123
1432.58	0.170089
1434.39	0.205403
1436.21	0.252808
1438.03	0.259417
1439.84	0.29322
1441.66	0.292274
1443.47	0.310967
1445.28	0.331172
1447.1	0.307561
1448.91	0.33532
1450.72	0.266377
1452.53	0.333421
1454.35	0.290168
1456.16	0.314905
1457.97	0.252005
1459.78	0.279765
1461.59	0.234997
1463.4	0.247646
1465.2	0.204387
1467.01	0.198904
1468.82	0.167735
1470.63	0.166786
1472.43	0.15979
1474.24	0.124088
1476.05	0.127672
1477.85	0.140318
1479.66	0.128792
1481.46	0.130861
1483.27	0.105736
1485.07	0.104784
1486.87	0.103831
1488.67	0.0877692
1490.48	0.0626442
1492.28	0.037516
1494.08	0.0229648
1495.88	0.0250343
1497.68	0.0135051
1499.48	0.0231295
1501.28	0.00404526
1503.08	-0.00446211
1504.88	0.00516235
1506.68	0.0208306
1508.47	-0.00581151
1510.27	0.0113677
1512.07	-0.0182933
1513.86	0.00341584
1515.66	0.0100183
1517.46	-0.00151098
1519.25	-0.0151817
1521.04	-0.0153976
1522.84	0.00201461
1524.63	-0.00992926
1526.43	0.00453293
1528.22	-0.00548993
1530.01	0.00564099
1531.8	-0.00891481
1533.59	-0.00684985
1535.38	-0.00780675
1537.17	0.00332408
1538.96	0.0189878
1540.75	0.0210529
1542.54	0.012541
1544.33	0.013095
1546.12	0.0257369
1547.91	0.0323348
1549.69	0.0207979
1551.48	0.0243738
1553.27	0.00830715
1555.05	0.0405885
1556.84	0.0184779
1558.62	0.0568032
1560.41	0.0316707
1562.19	0.0186227
1563.98	0.0478854
1565.76	0.0423924
1567.54	0.0550312
1569.32	0.0797577
1571.11	0.0939106
1572.89	0.106549
1574.67	0.1071
1576.45	0.116717
1578.23	0.0825154
1580.01	0.0966652
1581.79	0.0987271
1583.57	0.094745
1585.34	0.0937818
1587.12	0.0671351
1588.9	0.0918617
1590.68	0.0470833
1592.45	0.055186
1594.23	0.0587589
1596	0.0865043
1597.78	0.0961211
1599.55	0.0755152
1601.33	0.113841
1603.1	0.103812
1604.88	0.105874
1606.65	0.112465
1608.42	0.12359
1610.19	0.0908962
1611.96	0.127708
1613.74	0.129769
1615.51	0.11974
1617.28	0.117266
1619.05	0.0981713
1620.82	0.109296
1622.58	0.106819
1624.35	0.0952788
1626.12	0.115469
1627.89	0.0978854
1629.66	0.113543
1631.42	0.133731
1633.19	0.134278
1634.95	0.155977
1636.72	0.153503
1638.49	0.178226
1640.25	0.196903
1642.01	0.209535
1643.78	0.193462
1645.54	0.218183
1647.3	0.280677
1649.07	0.243451
1650.83	0.327099
1652.59	0.317067
1654.35	0.316101
1656.11	0.358953
1657.87	0.335322
1659.63	0.35551
1661.39	0.321302
1663.15	0.309759
1664.91	0.340523
1666.67	0.288183
1668.42	0.31139
1670.18	0.283226
1671.94	0.301902
1673.69	0.276757
1675.45	0.27428
1677.2	0.252157
1678.96	0.261768
1680.71	0.233601
1682.47	0.246233
1684.22	0.228643
1685.97	0.244295
1687.73	0.161736
1689.48	0.165299
1691.23	0.193038
1692.98	0.17847
1694.73	0.142748
1696.49	0.132716
1698.24	0.118148
1699.99	0.117179
1701.73	0.0920307
1703.48	0.0850175
1705.23	0.0749823
1706.98	0.066458
1708.73	0.0518899
1710.47	0.0463845
1712.22	0.0575029
1713.97	0.0187592
1715.71	0.00116597
1717.46	0.0243723
1719.2	0.0233999
1720.95	0.0133646
1722.69	0.0139031
1724.44	0.0386204
1726.18	0.0164943
1727.92	0.00494508
1729.67	0.0326843
1731.41	0.0120691
1733.15	0.0156296
1734.89	0.0176792
1736.63	-0.00142503
1738.37	0.0112014
1740.11	0.00418498
1741.85	-0.00283133
1743.59	0.0173499
1745.33	0.0148665
1747.07	-0.00423773
1748.81	-0.0203199
1750.54	0.00741314
1752.28	0.0275943
1754.02	-0.0156854
1755.75	0.000249463
1757.49	-0.0215854
1759.22	-0.0118739
1760.96	-0.00518052
1762.69	-0.00906771
1764.43	0.00366954
1766.16	0.00589894
1767.89	0.00510647
1769.63	0.00280717
1771.36	0.00201461
1773.09	0.00106029
1774.82	0.000105872
1776.55	0.0142614
1778.29	0.0087773
1780.02	0.00933396
1781.75	-0.00068623
1783.47	0.0179988
1785.2	-0.00562015
1786.93	-0.00657447
1788.66	-0.00299586
1790.39	0.00813765
1792.12	-0.0109485
1793.84	-0.0194609
1795.57	0.0143372
1797.3	0.0164049
1799.02	-0.0140305
1800.75	0.0091378
1802.47	-0.00949756
1804.2	0.0048927
1805.92	-0.0107927
1807.64	0.000215894
1809.37	-0.00129508
1811.09	0.0016755
1812.81	0.00313521
1814.53	-0.00447105
1816.26	-0.00905563
1817.98	-0.00306309
1819.7	0.00444043
1821.42	-0.0152536
1823.14	0.0118927
1824.86	-0.00629042
1826.58	0.0133009
1828.29	0.0132499
1830.01	0.0147095
1831.73	-0.000451523
1833.45	0.0130959
1835.16	0.0100229
1836.88	-0.015715
1838.6	-0.00518956
1840.31	0.0310228
1842.03	0.0234167
1843.74	0.0158107
1845.46	-0.00841634
1847.17	0.0021095
1848.89	0.0201899
1850.6	0.0231608
1852.31	0.00799996
1854.02	0.00643798
1855.74	0.00638661
1857.45	0.0244674
1859.16	-0.00127037
1860.87	-0.00887626
1862.58	-0.00741637
1864.29	0.00613143
1866	-0.00600748
1867.71	0.00149641
1869.42	-0.00913153
1871.13	0.0165041
1872.84	-0.00470069
1874.54	0.00733641
1876.25	0.0254171
1877.96	0.00421237
1879.66	-0.000371289
1881.37	0.0161984
1883.07	-0.0155829
1884.78	0.0115636
1886.48	-0.000574917
1888.19	0.0114619
1889.89	0.00687816
1891.6	0.000783248
1893.3	0.0294411
1895	-0.0114061
1896.7	-0.00087999
1898.41	0.0111568
1900.11	-0.000981804
1901.81	-0.00707644
1903.51	-0.0222369
1905.21	-0.00566691
1906.91	-0.00420674
1908.61	0.0168962
1910.31	0.000224747
1912.01	0.0213277
1913.71	0.00163419
1915.4	0.0182045
1917.1	-0.0181097
1918.8	0.0150811
1920.5	-0.00310136
1922.19	0.00289211
1923.89	0.0119072
1925.58	-0.0123189
1927.28	0.0163389
1928.97	0.0132665
1930.67	0.0389024
1932.36	-0.0170542
1934.06	0.00555965
1935.75	-0.00204569
1937.44	-0.00511809
1939.13	-0.00516853
1940.83	0.00535759
1942.52	0.00077421
1944.21	0.00223474
1945.9	0.0188051
1947.59	-0.0190198
1949.28	0.00510536
1950.97	0.00203296
1952.66	0.0125594
1954.35	0.0140199
1956.03	0.0185027
1957.72	0.0139193
1959.41	-0.0103068
1961.1	0.0168403
1962.78	-0.0058745
1964.47	-0.00592494
1966.16	0.00309048
1967.84	0.0121063
1969.53	0.0286766
1971.21	0.0225825
1972.9	0.00893325
1974.58	0.0224819
1976.26	-0.00476589
1977.95	0.00576051
1979.63	-0.0048665
1981.31	0.0162371
1983	-0.00798898
1984.68	-0.000484262
1986.36	0.00550948
1988.04	0.00243736
1989.72	-0.00214575
1991.4	0.0204688
1993.08	0.0158857
1994.76	-0.0189169
1996.44	0.0172964
1998.12	0.00666946
1999.79	-0.0190671
2001.47	-0.0069073
2003.15	0.00618778
2004.83	-0.00897604
2006.5	-0.0105407
2008.18	-0.00152887
2009.86	0.004461
2011.53	0.00654754
2013.21	-0.00156115
2014.88	-0.0126885
2016.55	0.00187074
2018.23	-0.0120878
2019.9	0.00741102
2021.58	0.0247513
2023.25	-0.00640367
2024.92	0.0144262
2026.59	-0.0130952
2028.26	0.00100735
2029.94	0.0197146
2031.61	0.0223049
2033.28	-0.00996532
2034.95	-0.0150378
2036.62	-0.00751902
2038.29	-0.0120879
2039.95	0.00751902
2041.62	0.0150378
2043.29	-0.0190671
2044.96	-0.008922
2046.63	-0.00881373
2048.29	0.0048927
2049.96	0.0100012
2051.63	-0.00086339
2053.29	0.00510859
2054.96	0.00971346
2056.62	0.0121598
2058.29	-0.0150378
2059.95	0.000215894
2061.61	-0.00439525
2063.28	0.0106359
2064.94	0.00300268
2066.6	0.00896839
2068.27	-0.00470908
2069.93	-0.0138532
2071.59	-0.00939842
2073.25	-0.00041076
2074.91	0.00706593
2076.57	0.0115206
2078.23	0.00993138
2079.89	-0.0203664
2081.55	0.0158189
2083.21	0.00214187
2084.87	0.000552691
2086.53	0.0065184
2088.19	-0.00262577
2089.84	-0.00119253
2091.5	0.00930611
2093.16	0.0122499
2094.81	0.00915016
2096.47	0.00151706
2098.12	0.0286369
2099.78	0.00287209
2101.43	-0.0138264
2103.09	-0.0108827
2104.74	0.00717134
2106.4	0.00558206
2108.05	-0.0232043
2109.7	-0.00212832
2111.36	-0.000695544
2113.01	-0.0158831
2114.66	-0.0099169
2116.31	-0.00395073
2117.96	-0.00705043
2119.61	0.00647063
2121.26	0.00488191
2122.91	-0.00728366
2124.56	-0.00131749
2126.21	-0.00139524
2127.86	-0.00751689
2129.51	0.0120481
2131.16	0.00894838
2132.8	0.00736012
2134.45	0.00879335
2136.1	-0.00790515
2137.74	-0.000427545
2139.39	0.00553862
2141.04	-0.0141818
2142.68	0.00840555
2144.33	-0.00678197
2145.97	0.0127835
2147.62	-0.000893085
2149.26	0.0171614
2150.9	0.0170841
2152.55	0.0245612
2154.19	0.021462
2155.83	-0.00581289
2157.47	0.000153735
2159.12	7.59916e-005
2160.76	0.00604262
2162.4	-0.0227432
2164.04	-0.00771065
2165.68	0.0148767
2167.32	0.0117775
2168.96	0.0207661
2170.6	0.0116229
2172.24	0.0115456
2173.88	0.0114684
2175.51	-0.00371824
2177.15	-0.0189053
2178.79	-0.00689476
2180.43	0.0262695
2182.06	0.0171269
2183.7	-0.0161919
2185.33	-0.0102248
2186.97	-0.017857
