279.74	0.0278645
281.884	0.0215331
284.026	0.056511
286.169	-0.00712575
288.31	0.0091937
290.451	0.0188497
292.591	0.0138455
294.73	0.0301622
296.869	0.00383381
299.007	-0.00517118
301.145	-0.00484778
303.281	-0.0138557
305.417	-0.00953712
307.553	0.000112085
309.688	0.020421
311.822	-0.0112447
313.955	-0.0109283
316.088	0.00404741
318.22	-0.0236233
320.352	0.00601011
322.483	-0.000339507
324.613	0.0119665
326.742	0.0189407
328.871	-0.00606884
330.999	0.00490179
333.127	-0.0254396
335.254	0.00418666
337.38	-0.028823
339.506	-0.00719391
341.631	-0.00422326
343.755	0.0147377
345.879	0.00971102
348.001	-0.0193064
350.124	-0.0176713
352.246	-0.00137836
354.367	0.00158659
356.487	-0.0207701
358.607	-0.0111434
360.726	0.0131412
362.844	0.000110295
364.962	-0.0262473
367.079	-0.00729607
369.195	-0.00700342
371.311	-0.0120414
373.426	-0.00375427
375.541	-0.0167894
377.655	-0.00184037
379.768	-0.0037441
381.881	-0.00304589
383.993	-0.00901126
386.104	-0.00920168
388.215	-0.0207361
390.325	-0.00828312
392.434	-0.0024936
394.543	-0.0140286
396.651	0.0317404
398.758	0.00687848
400.865	-0.000658924
402.971	0.0224544
405.077	0.0149168
407.182	0.00471365
409.286	0.0291592
411.389	0.00696177
413.492	0.00875212
415.595	0.00521177
417.696	-0.00365959
419.797	0.0314466
421.898	0.00924869
423.997	0.0203666
426.097	0.00616441
428.195	0.00662096
430.293	0.0137408
432.39	-0.012456
434.487	0.0159861
436.583	-0.0102108
438.678	-0.00842229
440.773	-0.0159623
442.867	-0.0221699
444.96	0.0102692
447.053	0.0213859
449.145	-0.0166264
451.236	-0.0231628
453.327	0.000824936
455.418	-0.00196734
457.507	0.00723442
459.596	0.00158976
461.684	0.0265962
463.772	0.00895782
465.859	-0.0140111
467.946	-0.00766153
470.031	-0.0026444
472.117	0.00770317
474.201	-0.0112673
476.285	0.0177378
478.368	-0.00523048
480.451	-0.00554363
482.533	-0.0165178
484.615	0.0164854
486.695	0.000180897
488.776	0.0238557
490.855	0.00488609
492.934	0.0325592
495.012	0.00159578
497.09	0.0306017
499.167	0.0289568
501.244	0.0273119
503.319	0.00967547
505.395	0.0360163
507.469	0.0250433
509.543	0.0247315
511.616	0.00709541
513.689	0.0294388
515.761	0.00780485
517.833	0.00482802
519.903	0.0365005
521.974	0.0348564
524.043	0.0332128
526.112	0.0155772
528.181	0.023262
530.248	0.0162881
532.316	0.0186424
534.382	0.0423196
536.448	0.0246845
538.513	0.0257067
540.578	0.0373901
542.642	0.0370798
544.705	0.0341043
546.768	0.0537839
548.83	0.0374821
550.892	-0.00280748
552.953	0.0248684
555.013	0.0485464
557.073	0.0189183
559.132	0.0172762
561.191	0.0302931
563.249	0.0179898
565.306	0.0230112
567.363	0.0306978
569.419	0.0130642
571.474	-0.0045692
573.529	0.0297708
575.583	0.0134702
577.637	0.0104961
579.69	-0.0124677
581.742	-0.0274354
583.794	-0.0237459
585.845	-0.00273184
587.896	-0.0203646
589.946	-0.0233382
591.995	0.00700472
594.044	0.00269882
596.092	-0.0175989
598.14	-0.0192395
600.187	-0.00222282
602.233	-0.0291833
604.279	-0.0228277
606.324	-0.0417923
608.369	-0.0434324
610.413	-0.0130887
612.456	-0.0360509
614.499	-0.0310276
616.541	-0.0140101
618.583	0.0269952
620.623	0.00803138
622.664	0.0317123
624.704	-0.0285638
626.743	-0.0048826
628.781	-0.0225136
630.819	-0.014824
632.857	-0.0484467
634.893	-0.0194344
636.929	-0.0170753
638.965	-0.0240447
641	0.00230253
643.034	0.0473069
645.068	0.01635
647.101	0.00538315
649.134	-0.0215756
651.166	-0.0152178
653.197	-0.0235191
655.228	0.0108245
657.258	-0.0227969
659.288	-0.0324307
661.317	-0.000752057
663.345	-0.00372222
665.373	-0.012023
667.4	0.034315
669.427	0.0206838
671.453	-0.000943203
673.478	-0.0132416
675.503	0.00644381
677.527	-0.00851973
679.551	-0.00216084
681.574	-0.0104608
683.597	0.00256152
685.619	-0.0124015
687.64	0.00861701
689.661	-0.0250032
691.681	-0.0111055
693.7	-0.00953988
695.719	-0.00797428
697.738	0.00158724
699.755	-0.0115052
701.773	0.0127162
703.789	-0.015035
705.805	0.00918736
707.821	9.33767e-005
709.836	0.0256488
711.85	0.0218866
713.864	0.0607692
715.877	0.0530095
717.889	0.0519137
719.901	0.057481
721.913	0.045724
723.923	0.0552904
725.934	0.0808481
727.943	0.0477702
729.952	0.0400127
731.961	0.0709022
733.969	0.0338268
735.976	0.012744
737.983	0.0129834
739.989	0.0318807
741.994	0.0227925
743.999	0.0443556
746.004	0.0312697
748.007	0.0581644
750.011	0.0424137
752.013	0.0426559
754.015	0.05889
756.017	0.0524689
758.018	0.0806975
760.018	0.0476244
762.018	0.0438698
764.017	0.0627708
766.016	0.0323637
768.014	0.0512653
770.011	0.0315203
772.008	0.0877367
774.005	0.102641
776	0.0882277
777.996	0.140447
779.99	0.10871
781.984	0.124948
783.978	0.119864
785.971	0.104119
787.963	0.0763812
789.955	0.0673004
791.946	0.0289017
793.936	0.0184892
795.926	0.0413931
797.916	0.0176541
799.905	0.0445565
801.893	0.0234839
803.881	0.0637132
805.868	0.0426413
807.855	0.0588835
809.841	0.0111588
811.826	0.0340654
813.811	0.0543067
815.796	0.0678847
817.78	0.0308225
819.763	0.0537302
821.745	0.0566486
823.728	0.11154
825.709	0.11979
827.69	0.117378
829.67	0.109636
831.65	0.0445905
833.63	0.0448446
835.608	0.0464326
837.586	0.0560164
839.564	0.058937
841.541	0.0565276
843.518	0.0607814
845.494	0.0650358
847.469	0.122597
849.444	0.109527
851.418	0.153762
853.392	0.120703
855.365	0.0903103
857.337	0.162532
859.309	0.0681723
861.281	0.0804247
863.252	0.0966757
865.222	0.0622864
867.192	0.0718747
869.161	0.0734675
871.13	0.0510727
873.098	0.0460027
875.065	0.0689192
877.032	0.082507
878.999	0.0907641
880.964	0.0657062
882.93	0.0433128
884.895	0.0742262
886.859	0.0478361
888.822	0.0227792
890.785	0.0350366
892.748	0.0592877
894.71	0.0328987
896.671	0.0384938
898.632	0.0680768
900.593	0.0350251
902.552	0.0139683
904.512	0.0262272
906.47	0.0411526
908.429	0.0360877
910.386	0.045683
912.343	0.00197214
914.3	-0.0110876
916.256	0.0638082
918.211	0.0547474
920.166	0.0283623
922.12	0.049953
924.074	0.0422255
926.027	0.0531556
927.98	0.0321021
929.932	0.0710184
931.883	0.0792843
933.834	0.0449054
935.785	0.023853
937.735	0.0627705
939.684	0.0523803
941.633	0.0233331
943.581	-0.0310339
945.529	-0.00544204
947.476	0.0441382
949.423	-0.0208894
951.369	0.0180302
953.315	0.048954
955.26	0.0199088
957.204	0.0121868
959.148	-0.00219858
961.091	0.0247287
963.034	0.00501339
964.977	-0.0178252
966.918	0.00464541
968.86	-0.0221918
970.8	-0.0117157
972.74	0.0200828
974.68	0.0119016
976.619	-0.0109392
978.558	-0.00712705
980.496	0.0379967
982.433	0.00316082
984.37	0.03629
986.306	0.0134476
988.242	0.0265863
990.178	0.0184029
992.112	0.0168815
994.047	0.0220241
995.98	0.0524857
997.913	0.0962739
999.846	0.149391
1001.78	0.305122
1003.71	0.308929
1005.64	0.210122
1007.57	0.100653
1009.5	0.0671455
1011.43	0.0496301
1013.36	0.0787573
1015.29	0.0172641
1017.22	0.0144077
1019.14	0.0022168
1021.07	0.0140195
1023	0.0324855
1024.92	0.0136314
1026.85	0.0307647
1028.77	0.0612187
1030.7	0.0730214
1032.62	0.0741571
1034.54	0.0699621
1036.46	0.0457774
1038.39	0.0482515
1040.31	0.0920321
1042.23	0.0478575
1044.15	0.0516585
1046.07	0.0474634
1047.99	0.0605929
1049.91	0.0683918
1051.83	0.0348785
1053.74	0.0533326
1055.66	0.0331458
1057.58	0.0449427
1059.49	0.0567335
1061.41	0.0552039
1063.32	0.055001
1065.24	0.0787916
1067.15	0.0652622
1069.07	0.0384122
1070.98	0.0488704
1072.89	0.0286777
1074.8	0.100438
1076.72	0.0775858
1078.63	0.0787156
1080.54	0.0865085
1082.45	0.106295
1084.36	0.116754
1086.27	0.0992261
1088.17	0.0990174
1090.08	0.120137
1091.99	0.115936
1093.9	0.138388
1095.8	0.108861
1097.71	0.107325
1099.61	0.112447
1101.52	0.117575
1103.42	0.122696
1105.33	0.0985058
1107.23	0.10496
1109.13	0.0501126
1111.03	0.0552343
1112.94	0.0616945
1114.84	0.0614857
1116.74	0.0426198
1118.64	0.0730619
1120.54	0.0715204
1122.44	0.0633156
1124.33	0.0804254
1126.23	0.0748859
1128.13	0.102663
1130.03	0.0451498
1131.92	0.0436024
1133.82	0.0127425
1135.71	-0.0314497
1137.61	-0.026328
1139.5	-0.0438672
1141.4	-0.00542919
1143.29	-0.0389602
1145.18	-0.0285139
1147.08	-0.0180616
1148.97	-0.00628243
1150.86	0.00596521
1152.75	-0.0135169
1154.64	-0.0246059
1156.53	0.0296051
1158.42	0.0185161
1160.31	0.00875968
1162.2	0.00300123
1164.08	0.0185605
1165.97	0.0221308
1167.86	0.0323642
1169.75	0.0346016
1171.63	0.0275058
1173.52	0.027078
1175.4	0.0399719
1177.28	0.0315434
1179.17	0.0311156
1181.05	0.0413443
1182.93	0.0249199
1184.82	0.0191614
1186.7	0.0427166
1188.58	0.0542779
1190.46	0.0471821
1192.34	0.0587434
1194.22	0.0796333
1196.1	0.0672067
1197.98	0.052115
1199.86	0.107654
1201.73	0.125874
1203.61	0.11478
1205.49	0.143665
1207.36	0.1339
1209.24	0.144128
1211.11	0.155685
1212.99	0.135262
1214.86	0.154815
1216.74	0.145054
1218.61	0.161941
1220.48	0.177495
1222.35	0.19305
1224.23	0.208609
1226.1	0.201508
1227.97	0.17042
1229.84	0.221956
1231.71	0.200196
1233.58	0.203757
1235.45	0.227307
1237.31	0.228198
1239.18	0.22776
1241.05	0.192674
1242.92	0.258869
1244.78	0.209119
1246.65	0.241998
1248.51	0.236225
1250.38	0.209135
1252.24	0.214023
1254.11	0.209588
1255.97	0.255788
1257.83	0.188714
1259.69	0.224253
1261.56	0.198495
1263.42	0.1714
1265.28	0.220266
1267.14	0.237148
1269	0.190063
1270.86	0.19895
1272.72	0.217165
1274.57	0.186067
1276.43	0.186957
1278.29	0.242487
1280.15	0.202065
1282	0.185626
1283.86	0.195845
1285.71	0.206059
1287.57	0.220276
1289.42	0.21983
1291.28	0.236712
1293.13	0.23893
1294.98	0.227822
1296.83	0.246032
1298.69	0.248255
1300.54	0.2638
1302.39	0.274015
1304.24	0.241584
1306.09	0.263792
1307.94	0.275339
1309.79	0.284221
1311.64	0.250457
1313.48	0.255336
1315.33	0.216242
1317.18	0.273099
1319.03	0.249997
1320.87	0.274866
1322.72	0.233107
1324.56	0.268637
1326.41	0.262859
1328.25	0.219763
1330.09	0.255293
1331.94	0.250848
1333.78	0.233071
1335.62	0.261938
1337.46	0.254823
1339.31	0.191741
1341.15	0.223273
1342.99	0.201499
1344.83	0.181058
1346.67	0.169945
1348.5	0.173486
1350.34	0.133055
1352.18	0.144597
1354.02	0.12149
1355.86	0.13703
1357.69	0.139239
1359.53	0.122796
1361.36	0.158321
1363.2	0.12322
1365.03	0.140088
1366.87	0.118314
1368.7	0.0818756
1370.53	0.128062
1372.37	0.100957
1374.2	0.113827
1376.03	0.0827197
1377.86	0.0769325
1379.69	0.0924678
1381.52	0.0880134
1383.35	0.0848915
1385.18	0.10709
1387.01	0.0519948
1388.84	0.0941831
1390.67	0.0790675
1392.49	0.0746082
1394.32	0.0981394
1396.15	0.0870217
1397.97	0.0745665
1399.8	0.0567855
1401.62	0.0749814
1403.45	0.0625309
1405.27	0.0780615
1407.1	0.069609
1408.92	0.0997988
1410.74	0.107333
1412.56	0.0882149
1414.39	0.0837604
1416.21	0.0859644
1418.03	0.105493
1419.85	0.102366
1421.67	0.0899111
1423.49	0.121433
1425.31	0.110311
1427.12	0.125837
1428.94	0.140034
1430.76	0.154232
1432.58	0.171095
1434.39	0.202613
1436.21	0.230137
1438.03	0.265658
1439.84	0.265192
1441.66	0.254069
1443.47	0.257601
1445.28	0.283788
1447.1	0.308647
1448.91	0.293522
1450.72	0.282394
1452.53	0.296588
1454.35	0.26814
1456.16	0.27567
1457.97	0.259212
1459.78	0.261412
1461.59	0.204974
1463.4	0.232494
1465.2	0.194709
1467.01	0.180916
1468.82	0.172454
1470.63	0.151998
1472.43	0.154193
1474.24	0.157724
1476.05	0.125275
1477.85	0.134132
1479.66	0.124338
1481.46	0.13053
1483.27	0.130064
1485.07	0.117599
1486.87	0.101137
1488.67	0.0646841
1490.48	0.0655506
1492.28	0.0384266
1494.08	0.0632762
1495.88	0.0268237
1497.68	0.0170243
1499.48	0.0258819
1501.28	0.0120845
1503.08	-0.00704352
1504.88	0.0231366
1506.68	0.0173351
1508.47	0.000867639
1510.27	0.0177212
1512.07	-0.0320578
1513.86	0.0101114
1515.66	-0.00102072
1517.46	0.0171655
1519.25	-0.00196726
1521.04	-0.00291916
1522.84	0.00260186
1524.63	-0.0199898
1526.43	-0.0147226
1528.22	0.00558447
1530.01	-0.00863052
1531.8	-0.00524715
1533.59	-0.012525
1535.38	-0.0104743
1537.17	-0.00975616
1538.96	0.0189475
1540.75	0.00367382
1542.54	0.00838984
1544.33	0.0330956
1546.12	0.0084933
1547.91	0.022538
1549.69	0.0339132
1551.48	0.0186394
1553.27	0.0473432
1555.05	0.00807774
1556.84	0.0221222
1558.62	0.0294996
1560.41	0.0528728
1562.19	0.0349297
1563.98	0.0489742
1565.76	0.0483557
1567.54	0.0690595
1569.32	0.0990919
1571.11	0.0438386
1572.89	0.0512159
1574.67	0.0892443
1576.45	0.0899582
1578.23	0.0600213
1580.01	0.0780599
1581.79	0.0867698
1583.57	0.0808207
1585.34	0.0908592
1587.12	0.0609223
1588.9	0.0762955
1590.68	0.0703464
1592.45	0.0963768
1594.23	0.0731031
1596	0.0698152
1597.78	0.109176
1599.55	0.0938944
1601.33	0.0906105
1603.1	0.0939858
1604.88	0.0946999
1606.65	0.102073
1608.42	0.0894567
1610.19	0.0861688
1611.96	0.108201
1613.74	0.116911
1615.51	0.120287
1617.28	0.109003
1619.05	0.113711
1620.82	0.107758
1622.58	0.0964697
1624.35	0.0905166
1626.12	0.0978898
1627.89	0.0972672
1629.66	0.0979773
1631.42	0.104014
1633.19	0.115385
1634.95	0.112093
1636.72	0.136791
1638.49	0.138834
1640.25	0.136874
1642.01	0.15224
1643.78	0.162278
1645.54	0.180309
1647.3	0.24898
1649.07	0.22437
1650.83	0.235737
1652.59	0.232445
1654.35	0.262469
1656.11	0.249849
1657.87	0.249222
1659.63	0.269918
1661.39	0.250634
1663.15	0.272663
1664.91	0.260042
1666.67	0.235428
1668.42	0.214808
1670.18	0.236836
1671.94	0.208224
1673.69	0.206261
1675.45	0.212297
1677.2	0.193009
1678.96	0.200379
1680.71	0.193085
1682.47	0.151146
1684.22	0.163842
1685.97	0.143221
1687.73	0.155921
1689.48	0.136634
1691.23	0.143999
1692.98	0.120713
1694.73	0.0974274
1696.49	0.0981335
1698.24	0.0921722
1699.99	0.116862
1701.73	0.0709172
1703.48	0.0662886
1705.23	0.0576621
1706.98	0.0530334
1708.73	0.0310804
1710.47	0.0344437
1712.22	0.0164886
1713.97	0.015858
1715.71	0.0218866
1717.46	0.0319172
1719.2	0.0219539
1720.95	0.0026662
1722.69	-0.00329901
1724.44	0.0133948
1726.18	0.0207562
1727.92	0.0281174
1729.67	0.0234888
1731.41	-0.00113354
1733.15	0.0142236
1734.89	0.00692574
1736.63	0.0156196
1738.37	0.014985
1740.11	0.0183483
1741.85	-0.00627405
1743.59	0.00775043
1745.33	0.0124464
1747.07	-0.00418007
1748.81	-0.00481468
1750.54	-0.00145539
1752.28	0.00590592
1754.02	-0.0133859
1755.75	-0.00336327
1757.49	-0.00399796
1759.22	0.00539405
1760.96	-0.0115497
1762.69	-0.00539405
1764.43	0.00222111
1766.16	0.00272875
1767.89	-0.000507716
1769.63	0.00133265
1771.36	0.00628251
1773.09	0.00564791
1774.82	-0.00685367
1776.55	0.00463256
1778.29	0.000837137
1780.02	0.00503641
1781.75	0.00657045
1783.47	-0.00122528
1785.2	-0.00768715
1786.93	0.000510074
1788.66	-0.00195384
1790.39	-0.0164116
1792.12	-0.00688174
1793.84	-0.0133448
1795.57	0.00684635
1797.3	-0.0249359
1799.02	0.0179091
1800.75	0.000785975
1802.47	0.000986231
1804.2	0.0145141
1805.92	-0.0212674
1807.64	-0.00240998
1809.37	-0.00487397
1811.09	-0.0126697
1812.81	-0.00980415
1814.53	0.00238989
1816.26	-7.40181e-005
1817.98	-0.00253915
1819.7	-0.00500428
1821.42	0.000526505
1823.14	-0.0032712
1824.86	-0.00173837
1826.58	-0.00820145
1828.29	-0.0199963
1830.01	-0.00247164
1831.73	-0.0169306
1833.45	-0.00340386
1835.16	-0.0165313
1836.88	-0.000339345
1838.6	-0.0174636
1840.31	5.98652e-005
1842.03	0.000260121
1843.74	-0.0115348
1845.46	-0.0126672
1847.17	-0.0111355
1848.89	-0.00427207
1850.6	-0.00540568
1852.31	-0.00520665
1854.02	-0.0170015
1855.74	-0.00480744
1857.45	-0.00727371
1859.16	-0.00440937
1860.87	-0.0108736
1862.58	-0.0120072
1864.29	-0.00781022
1866	0.00305004
1867.71	0.00191642
1869.42	-0.0178743
1871.13	0.019639
1872.84	-0.014811
1874.54	-0.00261927
1876.25	-0.00108758
1877.96	0.00577472
1879.66	0.00330731
1881.37	-0.00715487
1883.07	-0.0029591
1884.78	0.0145644
1886.48	-0.00256217
1888.19	0.0136287
1889.89	0.00316537
1891.6	0.00336433
1893.3	-0.000435731
1895	-0.0175623
1896.7	-4.00186e-005
1898.41	-0.0198308
1900.11	0.0123508
1901.81	0.015214
1903.51	0.00341793
1905.21	-0.012376
1906.91	-0.00284954
1908.61	0.0133401
1910.31	-0.013115
1912.01	0.0030746
1913.71	-0.00872137
1915.4	-0.000528782
1917.1	-0.00965945
1918.8	-0.00413094
1920.5	0.00273013
1922.19	0.00425954
1923.89	0.00712266
1925.58	-0.0033418
1927.28	0.0101825
1928.97	-0.00561253
1930.67	-0.00808002
1932.36	0.00277796
1934.06	0.00963903
1935.75	0.0111684
1937.44	-0.0152879
1939.13	-0.00576268
1940.83	0.00509643
1942.52	-0.00936606
1944.21	0.00548979
1945.9	0.0096845
1947.59	0.00455057
1949.28	0.00341468
1950.97	0.00627666
1952.66	0.00647333
1954.35	0.0146659
1956.03	0.000202371
1957.72	0.00706231
1959.41	0.00459368
1961.1	0.0127863
1962.78	-0.00167728
1964.47	0.0171765
1966.16	-0.00927984
1967.84	0.00157691
1969.53	0.0190981
1971.21	0.021959
1972.9	0.0128271
1974.58	0.00635938
1976.26	-0.0200981
1977.95	0.00408629
1979.63	-0.00771204
1981.31	0.00447737
1983	0.00600678
1984.68	-0.0111222
1986.36	-0.000265408
1988.04	0.00792604
1989.72	-0.0105355
1991.4	0.00431916
1993.08	-0.00747917
1994.76	-0.00062037
1996.44	0.00623843
1998.12	-0.0122232
1999.79	0.00263041
2001.47	0.00815656
2003.15	-0.00364177
2004.83	0.0205415
2006.5	0.000746038
2008.18	0.00493953
2009.86	0.00113711
2011.53	0.00666212
2013.21	0.00685766
2014.88	-0.0116051
2016.55	0.0179077
2018.23	0.0127726
2019.9	0.00763631
2021.58	0.00783185
2023.25	-0.00796557
2024.92	-0.00777117
2026.59	0.00441701
2028.26	0.00461141
2029.94	-0.0125175
2031.61	-0.00299456
2033.28	0.00519575
2034.95	0.00139211
2036.62	-0.015738
2038.29	-0.00222111
2039.95	0.00488642
2041.62	0.00621907
2043.29	-0.0135169
2044.96	-0.00044419
2046.63	-0.00336335
2048.29	-0.00444215
2049.96	0.0155476
2051.63	0.0128188
2053.29	-0.0113593
2054.96	0.00450543
2056.62	-0.000951662
2058.29	-0.00774205
2059.95	0.0151669
2061.61	-0.0182037
2063.28	0.00972729
2064.94	0.00967287
2066.6	-0.00370798
2068.27	0.00556592
2069.93	0.00417893
2071.59	-0.00520405
2073.25	0.00140488
2074.91	-0.00664537
2076.57	-0.00136909
2078.23	0.0105704
2079.89	0.014514
2081.55	0.00912904
2083.21	-0.00291916
2084.87	-0.00808018
2086.53	-0.00524528
2088.19	0.00425279
2089.84	-0.00757254
2091.5	0.0112542
2093.16	0.00076255
2094.81	0.0155903
2096.47	-0.0162238
2098.12	-0.00539405
2099.78	-0.00272875
2101.43	0.0138342
2103.09	-0.00107879
2104.74	0.00562961
2106.4	-0.0116494
2108.05	0.00172226
2109.7	0.00176741
2111.36	-0.00485038
2113.01	0.00319067
2114.66	-0.00609275
2116.31	0.0112769
2117.96	-0.0126656
2119.61	-0.000626633
2121.26	0.0140777
2122.91	0.0154556
2124.56	-0.00315643
2126.21	-0.00177863
2127.86	0.0169236
2129.51	-0.00701887
2131.16	0.00768544
2132.8	0.00506504
2134.45	0.00377753
2136.1	0.00249002
2137.74	-0.0174549
2139.39	0.0132413
2141.04	-0.0107012
2142.68	0.00666806
2144.33	-0.00394793
2145.97	0.00276014
2147.62	-0.00252524
2149.26	0.000184964
2150.9	-0.00110287
2152.55	0.0189321
2154.19	0.00165256
2155.83	0.015024
2157.47	-0.0222455
2159.12	0.0017875
2160.76	-0.0101616
2162.4	-0.00078809
2164.04	0.013916
2165.68	0.00196701
2167.32	-0.00198605
2168.96	-0.000608494
2170.6	-0.00456155
2172.24	-0.003184
2173.88	-0.00180653
2175.51	-0.00309453
2177.15	-0.00171698
2178.79	0.00499118
2180.43	-0.00429248
2182.06	0.00641331
2183.7	-0.00153771
2185.33	0.014326
2186.97	-0.00569403
