279.74	0.012935
281.884	0.0131344
284.026	0.0228174
286.169	-0.00333326
288.31	0.0453452
290.451	0.0181384
292.591	0.00990187
294.73	0.00377211
296.869	-0.00446544
299.007	0.00310528
301.145	0.00540619
303.281	0.00454303
305.417	0.0194894
307.553	0.00597871
309.688	0.0272477
311.822	0.00424917
313.955	0.00970669
316.088	0.0214879
318.22	0.00270309
320.352	-0.0118658
322.483	-0.00430269
324.613	-0.00306424
326.742	0.0297918
328.871	0.00468005
330.999	0.0196177
333.127	0.00926038
335.254	0.00100983
337.38	-0.00829571
339.506	0.00980164
341.631	-0.00793662
343.755	0.0270221
345.879	0.0187683
348.001	0.00735046
350.124	-0.00933616
352.246	-0.00389047
354.367	-0.0026618
356.487	-0.00565012
358.607	-0.00758436
360.726	-0.00635787
362.844	0.00962294
364.962	-0.00812292
367.079	-0.00268264
369.195	0.000648563
371.311	0.00608769
373.426	-0.00428378
375.541	-0.00306153
377.655	0.0298623
379.768	-0.0156087
381.881	-0.00677549
383.993	-0.0220107
386.104	-0.0172211
388.215	-0.000837689
390.325	-0.000264134
392.434	-0.0133922
394.543	-0.0170348
396.651	-0.00592211
398.758	-0.00113347
400.865	0.00260133
402.971	0.0316308
405.077	0.00690827
407.182	0.02329
409.286	0.0259698
411.389	0.0265415
413.492	0.0281672
415.595	0.0445483
417.696	-0.00230876
419.797	-0.00173765
421.898	0.00831925
423.997	0.00888985
426.097	0.0252701
428.195	0.000545508
430.293	0.0106015
432.39	-0.0236092
434.487	0.00330997
436.583	0.00809565
438.678	-0.017684
440.773	-0.00552082
442.867	-0.00389755
444.96	-0.0265158
447.053	0.00672609
449.145	-0.0116766
451.236	0.0047014
453.327	0.0200253
455.418	-0.00117181
457.507	0.015574
459.596	-0.0077309
461.684	0.0206085
463.772	0.0120592
465.859	-0.00386783
467.946	-0.00820127
470.031	0.0127605
472.117	-0.013706
474.201	-0.0180393
476.285	0.00924636
478.368	-0.0108963
480.451	0.0058498
482.533	-0.00059131
484.615	-0.00597846
486.695	0.0276313
488.776	-0.00515891
490.855	-0.0137077
492.934	0.0367654
495.012	-0.00234826
497.09	0.0101822
499.167	0.0206049
501.244	0.0341893
503.319	0.0319646
505.395	0.00655253
507.469	-0.00937373
509.543	0.0158045
511.616	0.0114719
513.689	0.00608524
515.761	0.0112384
517.833	0.0174454
519.903	0.0131129
521.974	0.0298597
524.043	0.0381749
526.112	0.0275187
528.181	0.0379417
530.248	0.0378253
532.316	0.0366548
534.382	0.0439162
536.448	0.0300983
538.513	0.0226042
540.578	0.0330275
542.642	0.0413429
544.705	0.0285792
546.768	0.0147614
548.83	0.0199152
550.892	0.0113673
552.953	0.00914317
555.013	0.0290524
557.073	0.0331522
559.132	0.0203887
561.191	-0.00396844
563.249	0.0328043
565.306	0.0210948
567.363	0.00833147
569.419	0.00399983
571.474	-0.00138577
573.529	0.00903806
575.583	0.00681447
577.637	0.00775264
579.69	0.00342113
581.742	0.0170071
583.794	0.0147835
585.845	-0.0180048
587.896	-0.0139045
589.946	0.00916723
591.995	0.00799787
594.044	0.016314
596.092	0.0140908
598.14	0.00238184
600.187	-0.0135429
602.233	-0.0231438
604.279	-0.00534173
606.324	-0.00229499
608.369	-0.0203276
610.413	-0.014119
612.456	-0.0395291
614.499	-0.00591747
616.541	-0.0102483
618.583	0.00439211
620.623	0.011655
622.664	0.0399969
624.704	0.0103711
626.743	-0.00766117
628.781	-0.00672197
630.819	-0.00262101
632.857	-0.0048437
634.893	-0.00706626
636.929	-0.00823498
638.965	-0.00413377
641	0.0347482
643.034	0.0293638
645.068	0.0155476
647.101	0.00278556
649.134	-0.0120844
651.166	-0.0143068
653.197	-0.0133673
655.228	-0.0134816
657.258	-0.0346753
659.288	-0.00317076
661.317	-0.00750086
663.345	-0.00129134
665.373	0.0165118
667.4	0.00374998
669.427	-0.00163395
671.453	0.0108995
673.478	-0.0197795
675.503	0.00961728
677.527	-0.00946803
679.551	-0.0137979
681.574	-0.0149658
683.597	0.000729617
685.619	-0.00149217
687.64	-0.00160603
689.661	-0.00200757
691.681	0.0086324
693.7	-0.00707655
695.719	-0.0165668
697.738	0.0129393
699.755	0.00555698
701.773	-0.00709533
703.789	0.00870947
705.805	0.0129206
707.821	0.00764612
709.836	0.00869532
711.85	0.0150145
713.864	0.0276574
715.877	0.071919
717.889	0.056105
719.901	0.0866652
721.913	0.0708511
723.923	0.0666306
725.934	0.0624101
727.943	0.0518657
729.952	0.0602928
731.961	0.0381549
733.969	0.0497438
735.976	0.0613327
737.983	0.034979
739.989	0.0486759
741.994	0.0360236
743.999	0.0476125
746.004	0.0381223
748.007	0.0412795
750.011	0.0465447
752.013	0.043378
754.015	0.0655066
756.017	0.0549624
758.018	0.0549577
760.018	0.0444135
762.018	0.0781356
764.017	0.0696992
766.016	0.0665327
768.014	0.0349092
770.011	0.0833868
772.008	0.0865441
774.005	0.12132
776	0.0865348
777.996	0.14239
779.99	0.135008
781.984	0.126571
783.978	0.158186
785.971	0.125508
787.963	0.127612
789.955	0.0706929
791.946	0.0759581
793.936	0.0748995
795.926	0.0896504
797.916	0.0506491
799.905	0.0506445
801.893	0.0643414
803.881	0.0875239
805.868	0.0822495
807.855	0.0875146
809.841	0.0790783
811.826	0.074858
813.811	0.0685296
815.796	0.0885502
817.78	0.0843297
819.763	0.12016
821.745	0.134911
823.728	0.103287
825.709	0.113822
827.69	0.130681
829.67	0.0937877
831.65	0.12224
833.63	0.0927246
835.608	0.091666
837.586	0.107471
839.564	0.0948187
841.541	0.0895443
843.518	0.122213
845.494	0.105345
847.469	0.120095
849.444	0.139062
851.418	0.165407
853.392	0.144323
855.365	0.154858
857.337	0.141152
859.309	0.114798
861.281	0.122171
863.252	0.13376
865.222	0.116892
867.192	0.116888
869.161	0.116883
871.13	0.104231
873.098	0.117928
875.065	0.150596
877.032	0.103163
878.999	0.124238
880.964	0.121071
882.93	0.133715
884.895	0.114739
886.859	0.126328
888.822	0.114729
890.785	0.127372
892.748	0.095749
894.71	0.102068
896.671	0.134737
898.632	0.104167
900.593	0.112594
902.552	0.104158
904.512	0.116801
906.47	0.107311
908.429	0.117846
910.386	0.124165
912.343	0.0978114
914.3	0.124156
916.256	0.109396
918.211	0.106229
920.166	0.111495
922.12	0.12203
924.074	0.138889
926.027	0.109373
927.98	0.099883
929.932	0.119904
931.883	0.139924
933.834	0.109355
935.785	0.115674
937.735	0.11567
939.684	0.118827
941.633	0.12093
943.581	0.131466
945.529	0.105112
947.476	0.115647
949.423	0.110373
951.369	0.110368
953.315	0.112472
955.26	0.114575
957.204	0.107193
959.148	0.0840011
961.091	0.105076
963.034	0.113503
964.977	0.108229
966.918	0.104008
968.86	0.0892483
970.8	0.119809
972.74	0.0934551
974.68	0.0776412
976.619	0.0839605
978.558	0.113467
980.496	0.106085
982.433	0.081839
984.37	0.117669
986.306	0.105017
988.242	0.0923652
990.178	0.0923607
992.112	0.0765467
994.047	0.113431
995.98	0.0934011
997.913	0.128177
999.846	0.20722
1001.78	0.347393
1003.71	0.351604
1005.64	0.22407
1007.57	0.160828
1009.5	0.136582
1011.43	0.115498
1013.36	0.11444
1015.29	0.111274
1017.22	0.0617328
1019.14	0.0817537
1021.07	0.0712096
1023	0.0764749
1024.92	0.118629
1026.85	0.0859516
1028.77	0.111242
1030.7	0.122831
1032.62	0.13442
1034.54	0.114391
1036.46	0.103847
1038.39	0.11122
1040.31	0.0753807
1042.23	0.100671
1044.15	0.100667
1046.07	0.0922307
1047.99	0.0859024
1049.91	0.0964377
1051.83	0.0816777
1053.74	0.091159
1055.66	0.0690213
1057.58	0.09115
1059.49	0.0721743
1061.41	0.0921951
1063.32	0.110108
1065.24	0.106942
1067.15	0.0953436
1069.07	0.0900694
1070.98	0.12063
1072.89	0.0963843
1074.8	0.0932179
1076.72	0.0837277
1078.63	0.103749
1080.54	0.115338
1082.45	0.114279
1084.36	0.0963575
1086.27	0.127972
1088.17	0.105834
1090.08	0.119531
1091.99	0.112149
1093.9	0.103713
1095.8	0.0889533
1097.71	0.111082
1099.61	0.118455
1101.52	0.111073
1103.42	0.106853
1105.33	0.118442
1107.23	0.0878727
1109.13	0.0667891
1111.03	0.0804861
1112.94	0.0636183
1114.84	0.0456966
1116.74	0.046746
1118.64	0.0572813
1120.54	0.0625467
1122.44	0.0551645
1124.33	0.0635918
1126.23	0.0498859
1128.13	0.0372339
1130.03	0.049877
1131.92	0.0256315
1133.82	0.0361668
1135.71	0.000327562
1137.61	-0.00810851
1139.5	-0.0123287
1141.4	-0.0176029
1143.29	-0.030255
1145.18	-0.00391029
1147.08	-0.0323716
1148.97	-0.0155586
1150.86	-0.00401514
1152.75	-0.00426603
1154.64	0.0282061
1156.53	0.00785518
1158.42	0.00225961
1160.31	-0.0138755
1162.2	0.0110939
1164.08	0.0181421
1165.97	-0.0074786
1167.86	0.0322463
1169.75	-0.00918396
1171.63	0.0210515
1173.52	0.0312654
1175.4	0.0309358
1177.28	0.0348222
1179.17	0.0123633
1181.05	0.0278433
1182.93	0.0232978
1184.82	0.0250801
1186.7	0.0289663
1188.58	0.024421
1190.46	0.0399009
1192.34	0.0553808
1194.22	0.0381879
1196.1	0.0547218
1197.98	0.0765255
1199.86	0.0920053
1201.73	0.0979957
1203.61	0.10926
1205.49	0.133171
1207.36	0.145486
1209.24	0.116699
1211.11	0.143769
1212.99	0.143439
1214.86	0.130458
1216.74	0.121697
1218.61	0.137173
1220.48	0.13684
1222.35	0.133344
1224.23	0.155148
1226.1	0.153761
1227.97	0.175561
1229.84	0.167849
1231.71	0.181218
1233.58	0.176668
1235.45	0.163687
1237.31	0.153865
1239.18	0.164071
1241.05	0.169007
1242.92	0.17289
1244.78	0.164121
1246.65	0.175381
1248.51	0.162396
1250.38	0.178926
1252.24	0.168049
1254.11	0.190903
1255.97	0.164217
1257.83	0.139638
1259.69	0.17092
1261.56	0.151615
1263.42	0.156548
1265.28	0.175182
1267.14	0.156927
1269	0.157644
1270.86	0.147821
1272.72	0.163293
1274.57	0.138711
1276.43	0.138374
1278.29	0.162278
1280.15	0.150347
1282	0.1616
1283.86	0.16864
1285.71	0.159867
1287.57	0.150044
1289.42	0.181322
1291.28	0.192578
1293.13	0.155349
1294.98	0.178195
1296.83	0.188393
1298.69	0.159599
1300.54	0.177175
1302.39	0.215831
1304.24	0.218652
1306.09	0.224634
1307.94	0.200052
1309.79	0.22079
1311.64	0.20464
1313.48	0.192701
1315.33	0.189198
1317.18	0.214152
1319.03	0.165329
1320.87	0.200819
1322.72	0.196262
1324.56	0.185377
1326.41	0.202954
1328.25	0.157288
1330.09	0.189616
1331.94	0.191383
1333.78	0.187876
1335.62	0.186477
1337.46	0.196672
1339.31	0.17209
1341.15	0.158043
1342.99	0.15559
1344.83	0.137328
1346.67	0.118012
1348.5	0.126095
1350.34	0.106778
1352.18	0.112757
1354.02	0.0987107
1355.86	0.111013
1357.69	0.098017
1359.53	0.0966181
1361.36	0.0899455
1363.2	0.103302
1365.03	0.0881978
1366.87	0.0878528
1368.7	0.0980437
1370.53	0.0797775
1372.37	0.0868103
1374.2	0.070652
1376.03	0.0660874
1377.86	0.0783861
1379.69	0.0717136
1381.52	0.0492316
1383.35	0.0847175
1385.18	0.0601276
1387.01	0.054509
1388.84	0.0552141
1390.67	0.0432718
1392.49	0.0513508
1394.32	0.051002
1396.15	0.0443295
1397.97	0.0481926
1399.8	0.0552216
1401.62	0.0337897
1403.45	0.0555741
1405.27	0.0467898
1407.1	0.0580345
1408.92	0.0608438
1410.74	0.0604911
1412.56	0.046437
1414.39	0.0608436
1416.21	0.0720846
1418.03	0.0675161
1419.85	0.0734872
1421.67	0.0836742
1423.49	0.0917532
1425.31	0.0956165
1427.12	0.0762886
1428.94	0.0812057
1430.76	0.116688
1432.58	0.135306
1434.39	0.141274
1436.21	0.132489
1438.03	0.189051
1439.84	0.191856
1441.66	0.186234
1443.47	0.225928
1445.28	0.225571
1447.1	0.243136
1448.91	0.214322
1450.72	0.216074
1452.53	0.233635
1454.35	0.213257
1456.16	0.170742
1457.97	0.171439
1459.78	0.179514
1461.59	0.163348
1463.4	0.1651
1465.2	0.160524
1467.01	0.167545
1468.82	0.128192
1470.63	0.106756
1472.43	0.116935
1474.24	0.0912837
1476.05	0.11306
1477.85	0.0989986
1479.66	0.0902104
1481.46	0.0972278
1483.27	0.0800079
1485.07	0.0691079
1486.87	0.0550461
1488.67	0.0557396
1490.48	0.0406277
1492.28	0.0339435
1494.08	0.0156658
1495.88	0.0110896
1497.68	0.00651342
1499.48	0.0261783
1501.28	0.0110625
1503.08	0.00332438
1504.88	0.0156116
1506.68	0.0194671
1508.47	-0.00935411
1510.27	0.00504099
1512.07	0.00468062
1513.86	-0.0051692
1515.66	-0.00552957
1517.46	0.00359572
1519.25	0.00428545
1521.04	-0.0118881
1522.84	-0.00381682
1524.63	0.00108876
1526.43	-0.00664928
1528.22	0.00668794
1530.01	-0.00421585
1531.8	-0.000351299
1533.59	-0.00496869
1535.38	0.00509271
1537.17	-0.00487117
1538.96	-0.014835
1540.75	0.0173596
1542.54	0.00634179
1544.33	0.0058635
1546.12	-0.0104242
1547.91	0.00385316
1549.69	0.0023177
1551.48	0.0155411
1553.27	0.0203326
1555.05	0.0145814
1556.84	0.0172651
1558.62	0.0262693
1560.41	0.0342228
1562.19	0.0242557
1563.98	0.0301012
1565.76	0.0338356
1567.54	0.0259765
1569.32	0.0644916
1571.11	0.048204
1572.89	0.0688018
1574.67	0.0672664
1576.45	0.0572993
1578.23	0.0610337
1580.01	0.066876
1581.79	0.0674486
1583.57	0.0353483
1585.34	0.0454032
1587.12	0.0596773
1588.9	0.0433865
1590.68	0.0481748
1592.45	0.050852
1594.23	0.0503706
1596	0.0635875
1597.78	0.0504585
1599.55	0.0531357
1601.33	0.0716256
1603.1	0.0479538
1604.88	0.0959546
1606.65	0.0849304
1608.42	0.0633665
1610.19	0.0744754
1611.96	0.067667
1613.74	0.0766712
1615.51	0.0487835
1617.28	0.0725401
1619.05	0.0699475
1620.82	0.0884341
1622.58	0.066867
1624.35	0.0611125
1626.12	0.0753834
1627.89	0.0654131
1629.66	0.0649284
1631.42	0.0855198
1633.19	0.0850352
1634.95	0.0950869
1636.72	0.0903864
1638.49	0.0920097
1640.25	0.0978456
1642.01	0.114221
1643.78	0.12006
1645.54	0.141706
1647.3	0.13911
1649.07	0.154435
1650.83	0.162378
1652.59	0.185078
1654.35	0.196183
1656.11	0.19675
1657.87	0.185722
1659.63	0.174695
1661.39	0.193178
1663.15	0.182151
1664.91	0.180609
1666.67	0.185391
1668.42	0.198601
1670.18	0.172818
1671.94	0.170222
1673.69	0.153922
1675.45	0.15765
1677.2	0.161375
1678.96	0.144023
1680.71	0.137208
1682.47	0.160962
1684.22	0.124636
1685.97	0.131523
1687.73	0.131035
1689.48	0.110518
1691.23	0.107919
1692.98	0.0831871
1694.73	0.0858579
1696.49	0.0822081
1698.24	0.0722314
1699.99	0.0675245
1701.73	0.071246
1703.48	0.04019
1705.23	0.0312673
1706.98	0.0434237
1708.73	0.0186915
1710.47	0.0361146
1712.22	0.0145442
1713.97	0.0245928
1715.71	0.0219905
1717.46	0.0141217
1719.2	0.024167
1720.95	0.0141903
1722.69	0.00631824
1724.44	0.00793508
1726.18	-0.0125844
1727.92	-0.00253912
1729.67	0.0169951
1731.41	0.00806908
1733.15	0.0149525
1734.89	0.00708047
1736.63	0.00342428
1738.37	0.0240092
1740.11	0.00665153
1741.85	0.00826515
1743.59	-0.0048767
1745.33	0.0104384
1747.07	0.0204838
1748.81	0.0157736
1750.54	0.00895231
1752.28	0.00213424
1754.02	0.00796371
1755.75	-0.00096551
1757.49	-0.00251377
1759.22	-0.011443
1760.96	0.000100353
1762.69	-0.00569798
1764.43	-0.00622342
1766.16	-0.00898377
1767.89	0.000501893
1769.63	-0.00552076
1771.36	-0.00672531
1773.09	-0.00938531
1774.82	0.00687584
1776.55	-0.00531999
1778.29	0.000752839
1780.02	0.0036136
1781.75	0.00757851
1783.47	0.00349093
1785.2	0.0067818
1786.93	-0.00679074
1788.66	0.0175794
1790.39	0.00927672
1792.12	0.000974002
1793.84	-0.00100565
1795.57	-0.0177401
1797.3	-0.00601744
1799.02	-0.013267
1800.75	0.0058334
1802.47	-0.0109018
1804.2	-0.00444904
1805.92	-0.00115888
1807.64	-0.00103061
1809.37	-0.0156571
1811.09	0.00238853
1812.81	-0.00802283
1814.53	0.00369897
1816.26	-0.00565765
1817.98	-0.00552944
1819.7	-0.00540117
1821.42	-0.00421894
1823.14	-0.00198281
1824.86	0.00130735
1826.58	0.00354355
1828.29	-0.0142463
1830.01	-0.015172
1831.73	-0.00555813
1833.45	-0.0138616
1835.16	-0.00530236
1836.88	-0.0167677
1838.6	-0.00399186
1840.31	-0.00070247
1842.03	0.00364159
1843.74	0.00482311
1845.46	-0.00664227
1847.17	-0.00967665
1848.89	-0.00954838
1850.6	-0.00836692
1852.31	0.0107319
1854.02	-0.006004
1855.74	0.00360994
1857.45	0.00268347
1859.16	-0.0140524
1860.87	-0.00443926
1862.58	-0.00747359
1864.29	-0.00207627
1866	-0.00511066
1867.71	0.0045025
1869.42	0.00252207
1871.13	0.00791939
1872.84	0.00699292
1874.54	-0.00763576
1876.25	0.0019774
1877.96	-0.00527284
1879.66	0.00328566
1881.37	-0.00185666
1883.07	-0.00594578
1884.78	-0.00687224
1886.48	-0.00463752
1888.19	0.00286771
1889.89	0.0029945
1891.6	-3.98838e-005
1893.3	-0.00307504
1895	-0.010326
1896.7	0.00877206
1898.41	0.00152183
1900.11	-0.000459307
1901.81	0.00599119
1903.51	-0.0128533
1905.21	0.00413679
1906.91	0.0105874
1908.61	-0.00193347
1910.31	-0.000752711
1912.01	-0.00589573
1913.71	0.00582458
1915.4	-0.00142713
1917.1	0.000807519
1918.8	0.000934311
1920.5	0.0010611
1922.19	0.00224102
1923.89	-0.00922577
1925.58	0.0119795
1927.28	0.00472849
1928.97	0.000638656
1930.67	-0.0129361
1932.36	-0.00437834
1934.06	0.00523404
1935.75	0.00536007
1937.44	0.00127024
1939.13	0.00455814
1940.83	-0.00901658
1942.52	-0.00256678
1944.21	-0.00560271
1945.9	-0.00653066
1947.59	-0.00113482
1949.28	-0.00522465
1950.97	-0.0114224
1952.66	0.00345909
1954.35	-0.0101164
1956.03	0.000548531
1957.72	-0.0024874
1959.41	0.00185447
1961.1	-0.00434328
1962.78	-0.00105609
1964.47	-0.000930065
1966.16	-0.00396593
1967.84	-0.00173276
1969.53	-0.0026607
1971.21	-0.014129
1972.9	0.0049683
1974.58	-0.00966192
1976.26	0.00521886
1977.95	0.0127226
1979.63	-0.00296157
1981.31	0.00348745
1983	-0.00165634
1984.68	0.00690067
1986.36	0.000702148
1988.04	0.00609721
1989.72	-0.00642503
1991.4	-0.00419185
1993.08	-0.00512057
1994.76	0.00132852
1996.44	0.00145377
1998.12	0.00368694
1999.79	-0.0025123
2001.47	0.00604465
2003.15	-0.00436966
2004.83	-0.00424441
2006.5	0.00325787
2008.18	-0.00610255
2009.86	0.0129941
2011.53	-0.00269087
2013.21	-0.00361952
2014.88	-0.00138712
2016.55	0.00189931
2018.23	-8.33701e-005
2019.9	0.00531098
2021.58	0.00754416
2023.25	-0.00603282
2024.92	-0.00169243
2026.59	-0.00156788
2028.26	0.00171854
2029.94	0.0102755
2031.61	-0.000139593
2033.28	0.00209281
2034.95	-0.00410643
2036.62	0.00550378
2038.29	0.00246643
2039.95	-0.00162565
2041.62	0.000606813
2043.29	-0.0024306
2044.96	-0.00230606
2046.63	0.00835811
2048.29	-0.0147053
2049.96	0.00401508
2051.63	0.0036136
2053.29	-0.00225852
2054.96	-0.00938531
2056.62	0.00210792
2058.29	0.0018068
2059.95	0.000803016
2061.61	-0.00948566
2063.28	0.0041155
2064.94	-0.00903394
2066.6	0.00381431
2068.27	0.00908412
2069.93	0.00697285
2071.59	-0.00146219
2073.25	0.00275031
2074.91	0.00274697
2076.57	-0.00252625
2078.23	0.0122259
2079.89	-0.00253294
2081.55	-0.00569818
2083.21	0.000622252
2084.87	0.00167287
2086.53	0.00904726
2088.19	0.00166618
2089.84	0.00904057
2091.5	0.000605527
2093.16	0.000602181
2094.81	-0.00150909
2096.47	-0.00151243
2098.12	0.0111318
2099.78	0.0100745
2101.43	0.00480131
2103.09	0.00479796
2104.74	-0.000475197
2106.4	0.00162938
2108.05	0.00268
2109.7	-0.00680901
2111.36	0.00899708
2113.01	0.00056204
2114.66	0.00582857
2116.31	-0.00366044
2117.96	-0.00366378
2119.61	-0.00737774
2121.26	-0.00597247
2122.91	0.00376413
2124.56	0.00276035
2126.21	0.0112925
2127.86	0.0036136
2129.51	-0.0138521
2131.16	-0.00526981
2132.8	0.00702644
2134.45	0.00260982
2136.1	-0.00367825
2137.74	-0.000480857
2139.39	-0.00360704
2141.04	0.00275243
2142.68	0.00278794
2144.33	0.00176968
2145.97	0.00180519
2147.62	-0.000267029
2149.26	-0.00655536
2150.9	0.00296581
2152.55	0.0145951
2154.19	0.00830684
2155.83	0.0041265
2157.47	0.00732383
2159.12	0.00419764
2160.76	0.00212523
2162.4	5.28139e-005
2164.04	-0.000965639
2165.68	-0.00409208
2167.32	-0.00405657
2168.96	-0.00612899
2170.6	-0.00714744
2172.24	-0.00500407
2173.88	0.00240918
2175.51	0.000336504
2177.15	-0.000681949
2178.79	-0.000526981
2180.43	0.0184795
2182.06	0.00368887
2183.7	-0.00397262
2185.33	0.00939785
2186.97	-0.00699447
